Time Input_psi Output_deg
1 23.965647 -7.15154368847876
2 23.9545096427598 -7.26095366606329
3 23.9395576997187 -7.40122903261906
4 23.9242841604195 -7.63186919234812
5 23.9028631786279 -7.85078466624101
6 23.8962019103549 -7.96672035722024
7 23.8784171412678 -8.08003062105341
8 23.8544740246666 -8.37028695457096
9 23.8340911166035 -8.72444521444687
10 23.8076066233892 -8.83389703102053
11 23.7827680632743 -9.20589335904046
12 23.7582533320612 -9.40771464781619
13 23.7313759001099 -9.63350646816069
14 23.7111244100537 -9.91234160032235
15 23.6729089154161 -10.074588682173
16 23.6484132085765 -10.4112449447129
17 23.6207803799148 -10.7406979223277
18 23.5801299297115 -10.9914242463948
19 23.5464844324913 -11.2724193084792
20 23.5312760241389 -11.4809522321342
21 23.4841564600405 -11.7469468413308
22 23.4459187845371 -12.0356449898399
23 23.421992042073 -12.3323389137369
24 23.3778003670369 -12.5473709988114
25 23.3209738240936 -12.7779907656089
26 23.280907026307 -13.0177020021407
27 23.228741359205 -13.3431565137283
28 23.1921789394723 -13.5012744850042
29 23.1431929890212 -13.8778146640056
30 23.0961588082635 -14.0630606854952
31 23.057796901069 -14.3128947446413
32 23.0190639037139 -14.4794377049777
33 22.9745229699633 -14.8664889181849
34 22.9066183862952 -15.0064742486317
35 22.8631185941381 -15.2661453816058
36 22.8078398686828 -15.451454538199
37 22.7735843656377 -15.5681056822214
38 22.7142336219576 -15.8547064244991
39 22.6426745865893 -16.2573796149853
40 22.5952887520951 -16.436788975235
41 22.5279198865087 -16.7651318648844
42 22.4799872553234 -16.8538047423851
43 22.4346052845229 -17.0638678343691
44 22.3575262617825 -17.3498461299122
45 22.2917230672043 -17.4214640888038
46 22.2364731553191 -17.7008371525782
47 22.1727048883208 -17.8488910629787
48 22.1196614176165 -18.0485667824198
49 22.0317660354573 -18.1661659821818
50 21.9600510107654 -18.4291892051917
51 21.9003062031822 -18.5559911843743
52 21.8525271581524 -18.6731641784827
53 21.7551946114124 -18.915325179794
54 21.6832787244915 -19.0616963915826
55 21.6552148040979 -19.2529915323641
56 21.549225448138 -19.3636167994937
57 21.452083366421 -19.5616159659674
58 21.4266651013768 -19.6202359864342
59 21.3295046252808 -19.8127232650232
60 21.2536378682965 -19.9084603942337
61 21.1866344231764 -20.0546501030047
62 21.110011138912 -20.1293246002329
63 21.0322065704514 -20.3157212321016
64 20.9505518084302 -20.4020205405782
65 20.870713820706 -20.4891914246242
66 20.7913995072281 -20.6263431684824
67 20.6886810408649 -20.7197772106624
68 20.6306947429609 -20.8247874018874
69 20.5212714724314 -20.9454200675131
70 20.4516935359322 -21.025137028771
71 20.3947583969428 -21.1167601265811
72 20.2997626824749 -21.2014572310142
73 20.1887594319797 -21.31880426932
74 20.1216545562035 -21.3904393239129
75 20.0428782039893 -21.4720543522616
76 19.9671517160891 -21.5580629844972
77 19.8779648810571 -21.6362778285616
78 19.7822066825923 -21.6883190594207
79 19.6985764912248 -21.7765497096711
80 19.6208291034755 -21.8546443442512
81 19.5311429218916 -21.9307450690352
82 19.4259286231536 -21.9910632068859
83 19.3501278935968 -22.0384610857027
84 19.2827625711574 -22.1240364797053
85 19.1557900045287 -22.1700917071942
86 19.093615240614 -22.2437537375525
87 18.9967794189755 -22.281639060861
88 18.8899016272192 -22.3481388435981
89 18.8056253536352 -22.3838674829536
90 18.7261789336449 -22.4396878950725
91 18.6177068797192 -22.5009520288857
92 18.5350419333944 -22.5648384678096
93 18.4441048887043 -22.6402180954177
94 18.352687899742 -22.6981333325536
95 18.2592796531518 -22.7731882710557
96 18.161391468 -22.8476727791016
97 18.0605899188879 -22.918085002409
98 17.9666986016072 -22.9934455553717
99 17.8555979622239 -23.0882747656719
100 17.7801124419518 -23.1495887817575
101 17.669947661188 -23.2179979199322
102 17.5804995871965 -23.3000038196676
103 17.4803611996821 -23.3835031085395
104 17.4019297381489 -23.4378989951129
105 17.2970557003279 -23.5054807273423
106 17.2020876305499 -23.5513555263461
107 17.1191004649514 -23.5919505513913
108 17.0218647591096 -23.6445213005578
109 16.9612890151752 -23.7023908842022
110 16.8302633098889 -23.7418094301072
111 16.7150633845463 -23.7793650086403
112 16.6456648849366 -23.8172897427217
113 16.534771424498 -23.8529283164881
114 16.476927673084 -23.8803928600209
115 16.3834026421843 -23.903031798178
116 16.3029450729985 -23.9373680514414
117 16.1835076000191 -23.970602419405
118 16.0714642180958 -23.995522590666
119 15.9728773762259 -24.0220879259218
120 15.8785271845961 -24.051621042144
121 15.7738464305807 -24.0715806582574
122 15.6750616537515 -24.0936499553136
123 15.597038417084 -24.1188875594078
124 15.4663012924625 -24.1388853407824
125 15.3917138900626 -24.1593433568186
126 15.2663976333988 -24.1803997868468
127 15.1766680207934 -24.202404474801
128 15.0717257717007 -24.216579611022
129 14.9914554896511 -24.2321092957052
130 14.8879235975492 -24.2550570507909
131 14.8232183423964 -24.2689956821219
132 14.7259827315505 -24.2842644394849
133 14.6088826081942 -24.2921412518307
134 14.5108919052146 -24.3006239180875
135 14.4104014312594 -24.3081818848435
136 14.3163914213321 -24.3168769159631
137 14.2310085132968 -24.3231297660657
138 14.1666837365499 -24.3308939272188
139 14.0382875867038 -24.3371310911243
140 13.9674750063399 -24.341892861095
141 13.8662748616128 -24.3480751777469
142 13.7724040845385 -24.3552753970862
143 13.6708182233278 -24.3588919823916
144 13.621696964436 -24.3641884003662
145 13.4892543225226 -24.3675251323711
146 13.3957304632012 -24.3662782824717
147 13.3217088412045 -24.3660624591156
148 13.2229700893249 -24.3653163233176
149 13.1209549316862 -24.3649051776801
150 13.0528390514371 -24.3637938470116
151 12.9607439617331 -24.3616745523074
152 12.8573979829902 -24.3609317639351
153 12.7773845047633 -24.3595383136262
154 12.680758376138 -24.3563588543271
155 12.610717949995 -24.3547214532967
156 12.5365242653296 -24.3529868917922
157 12.4248368189004 -24.3495269802421
158 12.3406915278872 -24.3472752036393
159 12.2679310278961 -24.3430349376701
160 12.1864049557687 -24.3413667736829
161 12.0917510344159 -24.3378226284689
162 12.001052412102 -24.3229381420166
163 11.9118876840842 -24.3055491173652
164 11.863658719522 -24.2783349517621
165 11.7404731908963 -24.2298691277784
166 11.6629081148219 -24.2168976534646
167 11.5826308895221 -24.194727587484
168 11.5125220941382 -24.1630715282092
169 11.4360683117825 -24.1286080349234
170 11.3431593161055 -24.1015489048704
171 11.2780531875445 -24.0712023838304
172 11.2051544068516 -24.0359749369592
173 11.116722900185 -23.996488046849
174 11.0474674282356 -23.9548591723268
175 10.9688288608729 -23.9099119919596
176 10.891966771241 -23.8711882511322
177 10.8010045862458 -23.8099588302605
178 10.7295680200061 -23.7786635637523
179 10.6456812393896 -23.7352830690005
180 10.5647736461396 -23.6918404295922
181 10.4870806710844 -23.6448984762557
182 10.4343823484421 -23.6076482535796
183 10.3477005927521 -23.5693962481334
184 10.2827708444986 -23.5272994815339
185 10.20828920061 -23.482046263918
186 10.1591364977042 -23.4348583742844
187 10.0870349546312 -23.3932647941894
188 10.005154340906 -23.3596562071818
189 9.93574721710641 -23.3263726863242
190 9.8693157469855 -23.2829601288881
191 9.81492347328081 -23.2346551835169
192 9.73912665525605 -23.1973105254212
193 9.67127435946875 -23.1595901637725
194 9.60232008096052 -23.1127190395861
195 9.56048060947914 -23.0616411629404
196 9.50054156360934 -23.0369802159364
197 9.43406448680458 -22.9652618235601
198 9.35641456294205 -22.9421552583259
199 9.306800038661 -22.9075048581448
200 9.2606759581318 -22.8635086827908
201 9.189578123457 -22.820017006402
202 9.11962455789624 -22.7824924414411
203 9.06551661503153 -22.7458118388013
204 9.00745912681678 -22.6940876375684
205 8.95388570866651 -22.651579311563
206 8.90329156065371 -22.6148680850831
207 8.84294651301481 -22.5750457048299
208 8.7823107483865 -22.5286332590191
209 8.73215034047913 -22.4766397839758
210 8.67919971499903 -22.4450768975631
211 8.63077612373226 -22.4127383357685
212 8.58025877330965 -22.3648704085936
213 8.52306331511896 -22.3132537849271
214 8.46928294495146 -22.2765389703883
215 8.44341436171151 -22.238335265479
216 8.38317143883325 -22.2062598574185
217 8.32493931726976 -22.1667040879432
218 8.28230830348552 -22.1254675355554
219 8.24577936182019 -22.08067651795
220 8.19508427619656 -22.0375320520314
221 8.16156031225094 -21.9943187075592
222 8.10486612615014 -21.9605209989774
223 8.06705062906764 -21.9263805619914
224 8.02786412735803 -21.8855576807049
225 7.97873019052469 -21.8367111157525
226 7.94066601916385 -21.7943757190842
227 7.90675324633648 -21.753741525807
228 7.86149062347059 -21.7176073266119
229 7.82907455790675 -21.6823535075511
230 7.79177835000116 -21.6415926763113
231 7.75341415536554 -21.5951403340998
232 7.71623682850184 -21.5496465537029
233 7.69106880646192 -21.5069940539628
234 7.65193835303373 -21.4670724125258
235 7.614670069523 -21.3990310518011
236 7.58406053955458 -21.223208685486
237 7.55437628172591 -21.0978434593313
238 7.52433000168393 -21.0528900817543
239 7.49436424346187 -20.9251817022485
240 7.46560433732669 -20.7588701937719
241 7.44290729120457 -20.6891666345464
242 7.40640600335467 -20.5859836115752
243 7.37353459047974 -20.4962064994658
244 7.34659511029751 -20.3914265495916
245 7.31896634970381 -20.2838657830088
246 7.2978569318534 -20.2098385329805
247 7.27407481640065 -20.141665150706
248 7.25063037554403 -20.0407352530601
249 7.22900080445512 -19.9485963173906
250 7.21155024367636 -19.8782058541288
251 7.18938246562322 -19.7998408962748
252 7.16512642275956 -19.7378479872177
253 7.14704452743158 -19.6764395756568
254 7.12914504293141 -19.5897241685537
255 7.11125571130824 -19.502612415864
256 7.09109735560132 -19.4308242444938
257 7.07640744921764 -19.3547923490768
258 7.06379106453798 -19.302122023124
259 7.04350468072411 -19.2111356646323
260 7.03104892857025 -19.1596590658481
261 7.01579536220241 -19.1078161600988
262 7.0045908813751 -19.0397032981519
263 6.99182397528593 -18.9665567029617
264 6.97606324820034 -18.9050160138789
265 6.96510565910437 -18.8408075267665
266 6.95206226065006 -18.7918553550254
267 6.94475512483468 -18.7470706665128
268 6.93595797114174 -18.6631016172058
269 6.92603065310386 -18.6148099411333
270 6.91778112385355 -18.5654262837157
271 6.91071928040399 -18.5113312054071
272 6.90456428144215 -18.4529606673664
273 6.90035811033343 -18.4082432314435
274 6.89429275507475 -18.3532067640978
275 6.88850706652386 -18.2996155178645
276 6.88585866151617 -18.2745818558859
277 6.88376888461557 -18.213012501914
278 6.87999192292586 -18.1660817594679
279 6.8774907960284 -18.099987777882
280 6.87594187766787 -18.0653089692988
281 6.87538472529987 -18.0309145462934
282 6.87513859171166 -17.9945446981125
283 6.87563565676188 -17.9514359495027
284 6.8764160165362 -17.9173235119079
285 6.87757356950931 -17.8812482625861
286 6.88009166434147 -17.8428383039247
287 6.88312251844454 -17.8062199869354
288 6.88655400375076 -17.7726412509825
289 6.89056655896933 -17.7426516757772
290 6.89475203352578 -17.7014696996252
291 6.89988913804247 -17.6636342304043
292 6.90648136424305 -17.6321660232343
293 6.91305625466261 -17.5938322558747
294 6.91988953702614 -17.5584817836755
295 6.92544073758755 -17.5302968834647
296 6.93058910247748 -17.4972697388628
297 6.93894147595581 -17.4490342150792
298 6.95024896573482 -17.4162177867467
299 6.9592770300058 -17.3789544548185
300 6.96772303321864 -17.3609781341238
301 6.97902817603152 -17.3232345238602
302 6.99031079591179 -17.2952399580075
303 7.00281862769957 -17.2640913981862
304 7.01134716018785 -17.2313355785089
305 7.02363703823273 -17.1921824625044
306 7.03536103877323 -17.1726689442691
307 7.05615440440664 -17.1278034654449
308 7.06624598399981 -17.1107035751742
309 7.07608151612494 -17.0862471135662
310 7.09797622590959 -17.0502037721804
311 7.11268097931844 -17.0389286871829
312 7.12691105280264 -17.0286104128171
313 7.13938428609083 -17.0236633404695
314 7.16424689809596 -17.0252363520856
315 7.17491267604934 -17.0311895414882
316 7.1832389711635 -17.0354127771376
317 7.20559273477766 -17.039958705208
318 7.22805822681794 -17.0443628836369
319 7.24880685669706 -17.0472309180292
320 7.27148237791235 -17.0500266819838
321 7.28454916065737 -17.0522861514127
322 7.30208966329664 -17.0555498753178
323 7.33089417425254 -17.0598080507653
324 7.34898590462164 -17.0601373398148
325 7.37338770133476 -17.0627101783073
326 7.39547906859615 -17.06585745476
327 7.41169944028497 -17.0688578743175
328 7.431880850175 -17.0737444947412
329 7.45907400681651 -17.0780918047087
330 7.48144117515739 -17.0806609277812
331 7.50555880419467 -17.084584702485
332 7.52731674121725 -17.090033578588
333 7.55054685964296 -17.0938232246408
334 7.57873200195461 -17.0984265886028
335 7.60592089750454 -17.1060370309238
336 7.62850767730754 -17.1122757416264
337 7.65184782806993 -17.1154518286
338 7.677008773713 -17.1204188240441
339 7.70761636560291 -17.1274510866012
340 7.73390942008493 -17.1350111670068
341 7.75364553459971 -17.1419259049175
342 7.78370446696376 -17.1491887296268
343 7.81419461031873 -17.1599648181971
344 7.83535215549095 -17.1645187604943
345 7.86572985269549 -17.171501585582
346 7.89568125871354 -17.1782424086164
347 7.92419270655263 -17.1892394247653
348 7.94754408520579 -17.2004419855213
349 7.97979381152788 -17.2119846653022
350 8.007142734729 -17.2183608438164
351 8.03604246006539 -17.2271767586787
352 8.06389806975044 -17.2377465409629
353 8.09255444750405 -17.250289893743
354 8.12610553671785 -17.259629127158
355 8.15600111793238 -17.2712182665203
356 8.17996621247123 -17.2821082404889
357 8.21504059610796 -17.2934839874097
358 8.24510523283862 -17.3028284699581
359 8.27988676508966 -17.3147685103904
360 8.30821633532795 -17.3285489214878
361 8.33886633127693 -17.3410073539381
362 8.37225721543987 -17.3524840433416
363 8.39676129275064 -17.3647640622139
364 8.43567791551664 -17.3847994446659
365 8.45742373114735 -17.391260491073
366 8.4897266666283 -17.4106231843204
367 8.52551730799439 -17.4239030872596
368 8.55068115384316 -17.4410391208499
369 8.58533594083393 -17.4578357955682
370 8.62247265144185 -17.4737530457509
371 8.65659313344346 -17.4898320043325
372 8.68706494810279 -17.5017979192986
373 8.71575179448152 -17.5180548178176
374 8.75476869467396 -17.5336296079751
375 8.78560727885135 -17.5492216101642
376 8.81273561012332 -17.5689086470855
377 8.84635942369692 -17.5847809385994
378 8.8862955009947 -17.5977799486005
379 8.91637154710025 -17.61785144915
380 8.94961803701223 -17.6293603189825
381 8.98063058120395 -17.6405120804471
382 9.01903685394215 -17.6625742860088
383 9.04864344517068 -17.6757950607143
384 9.08618110435596 -17.6901327441865
385 9.11337363477356 -17.7095927265815
386 9.15184566034712 -17.7257545476907
387 9.19022685259 -17.7369679481501
388 9.22167812516 -17.7513321810836
389 9.25392232656232 -17.7743381574121
390 9.28295672933872 -17.7872340131261
391 9.32841905572667 -17.8068083391764
392 9.36332943833126 -17.8258781549239
393 9.39126328750214 -17.8380426492374
394 9.42666750372363 -17.8607123117374
395 9.45470381436245 -17.8732412551924
396 9.49353843724039 -17.8911067402607
397 9.53415478102524 -17.9107535743983
398 9.56515700146243 -17.926069683395
399 9.59670982180633 -17.9430713654232
400 9.63678510958592 -17.9647393109701
401 9.66897482306604 -17.9857835880652
402 9.70019569913342 -18.0051384509018
403 9.73610949360027 -18.0231075905114
404 9.77132814179492 -18.0467451682473
405 9.80944756424849 -18.0757324160701
406 9.83987922894076 -18.090959727996
407 9.87445534423604 -18.1072046032764
408 9.91585578965072 -18.1369635959214
409 9.9395833279958 -18.1556768855184
410 9.9765917837611 -18.1840174387312
411 10.0120900722782 -18.2026804543145
412 10.0479407559465 -18.224495031315
413 10.0861786896648 -18.2488477905209
414 10.1196333562542 -18.2764022105211
415 10.1540536057884 -18.2999332832353
416 10.1823729169469 -18.3230311177709
417 10.2201805128057 -18.3490365473991
418 10.2580258867135 -18.3716966354596
419 10.2813180953512 -18.3930380538561
420 10.3248968364187 -18.4196815199013
421 10.356835132609 -18.4483927094896
422 10.3948067575446 -18.467316962125
423 10.4239032732164 -18.5019843007501
424 10.4571636262923 -18.5192033271493
425 10.4831769038354 -18.5599813471143
426 10.5076397187462 -18.5778755941195
427 10.5645684420775 -18.5984835753394
428 10.5955860803739 -18.6244005610471
429 10.6325776320759 -18.6515471158453
430 10.6671524117929 -18.6792455253251
431 10.704101836685 -18.7107779352228
432 10.7379297223134 -18.7338795405918
433 10.7674668040432 -18.7607875254247
434 10.7944845974603 -18.781729152349
435 10.8321015525521 -18.8065837203699
436 10.8646823740907 -18.8276087639138
437 10.8973297610588 -18.8517847521783
438 10.9296050616808 -18.8786400349084
439 10.9560246046135 -18.9041207099751
440 10.9918990299448 -18.9329506617463
441 11.0360162985693 -18.9607137463175
442 11.0690641669548 -18.9814136722709
443 11.0953059114309 -19.0041104415393
444 11.1165835423827 -19.0219078758318
445 11.1378835836945 -19.0347134416914
446 11.1866549797463 -19.0857412278528
447 11.2229136337219 -19.1056456772199
448 11.2577359143836 -19.1302833709023
449 11.2901904179427 -19.1584291095771
450 11.3275243143342 -19.1812953188106
451 11.3622597733619 -19.2052687801011
452 11.3844426574826 -19.222169295874
453 11.4203413400277 -19.2521785418855
454 11.444677245153 -19.2690482027506
455 11.4841200265212 -19.2870451202586
456 11.5185016711143 -19.3243004647429
457 11.530327155321 -19.3436650005689
458 11.5723824902482 -19.3742134773781
459 11.5923918244481 -19.396526129533
460 11.6170881859662 -19.4293400267819
461 11.6744104659931 -19.467940057526
462 11.6984256123223 -19.4978738350955
463 11.7139192437426 -19.5195174300556
464 11.7477784010607 -19.5463019476373
465 11.7903896989905 -19.5785280040318
466 11.8163487289896 -19.6080786486606
467 11.8428895161536 -19.6355706443479
468 11.8797665004508 -19.664650212372
469 11.9055077558737 -19.6908381364337
470 11.940548854557 -19.7226210185914
471 11.9813213923352 -19.7548617023931
472 11.9935609528438 -19.7730551329697
473 12.0271159572267 -19.8034537694059
474 12.0667600807683 -19.8235173032223
475 12.0864768939535 -19.8630644303201
476 12.0960590900538 -19.8791808965538
477 12.1509924336872 -19.899641567296
478 12.178489884692 -19.9415423027044
479 12.2057425079099 -19.971033955038
480 12.2361799000978 -19.9932275161657
481 12.261102304435 -20.024372421536
482 12.2824428354949 -20.0551941943578
483 12.3180258825411 -20.0877972675118
484 12.350874461562 -20.1116053393685
485 12.3770403348427 -20.1339181245881
486 12.400307282064 -20.1676147642165
487 12.4363082012605 -20.2142792923931
488 12.4631410091566 -20.2364042448915
489 12.4835411348651 -20.2594388477166
490 12.5148146933344 -20.2932318150444
491 12.5421521843837 -20.3130457341647
492 12.5720524935297 -20.3496317757263
493 12.5880304661587 -20.3580600508481
494 12.6287709640717 -20.3971075485571
495 12.6482589548701 -20.4252838200604
496 12.6768854664108 -20.448013113119
497 12.6958248178174 -20.4676048061549
498 12.7316851337753 -20.4885899829422
499 12.7610046589952 -20.5165442379238
500 12.7853116127841 -20.5390151621304
501 12.8025253077841 -20.565421515785
502 12.826521467534 -20.5869183599383
503 12.8592842373393 -20.6100683203272
504 12.8821842422387 -20.6362706625054
505 12.903212885975 -20.6604316843213
506 12.9314363536357 -20.69229336528
507 12.9584370560553 -20.713480115911
508 12.9765758296244 -20.7424889587739
509 12.9964121090112 -20.7735967356149
510 13.0289620765839 -20.8081823403471
511 13.0515032521305 -20.8343571258687
512 13.075039312941 -20.867629595256
513 13.0873738148222 -20.8830893875025
514 13.1224681423114 -20.9170351249684
515 13.1432533041321 -20.9450390911873
516 13.1684646996204 -20.9683237594598
517 13.1881755329274 -20.9955762215807
518 13.2137005405827 -21.0147586354682
519 13.2323570601731 -21.0379278750695
520 13.2580082386404 -21.0612724035082
521 13.2800221533185 -21.087876233049
522 13.2911063041202 -21.1070575274025
523 13.310010949345 -21.1304685637819
524 13.3381848792241 -21.1612181504775
525 13.3595884153017 -21.1823868906083
526 13.3816713952601 -21.20747695143
527 13.4049693915205 -21.2342167430973
528 13.4191133317394 -21.2496653180747
529 13.4417276693145 -21.2843599434634
530 13.4532908884259 -21.3102889125458
531 13.4807279776477 -21.3412348232096
532 13.4926392383299 -21.3622572992543
533 13.5186574465074 -21.3965267314636
534 13.5353103429006 -21.4163314745021
535 13.5575977491044 -21.4609942709907
536 13.5729639110412 -21.4871287083082
537 13.5940644773918 -21.5608630454502
538 13.6104508936084 -21.5808771811296
539 13.6306837037202 -21.6289823015371
540 13.6434099949613 -21.6582205597569
541 13.6634917424778 -21.699516493357
542 13.682530954789 -21.749834357767
543 13.6990215465752 -21.7896478610376
544 13.7188858857894 -21.8598027077379
545 13.7284235020175 -21.8903276811237
546 13.7429766367463 -21.9177410990714
547 13.7569925154577 -21.9438703761944
548 13.7763207842938 -22.0019598276363
549 13.8002979806281 -22.034339022267
550 13.8139933861117 -22.0711019591915
551 13.8249539526793 -22.1039034348657
552 13.8456843553281 -22.1625411325132
553 13.8574825870858 -22.1988116111452
554 13.8726722019146 -22.2385089784514
555 13.8866065108305 -22.2851510045869
556 13.8988287518688 -22.3247216010987
557 13.9109509350356 -22.3594416917356
558 13.9265284873805 -22.4026433424792
559 13.9418961205135 -22.4422863334583
560 13.953817167377 -22.4849352244782
561 13.9656395944645 -22.5173205862123
562 13.9790359656126 -22.5604238686458
563 13.9898857291598 -22.5971606658092
564 14.0009427375463 -22.6362066444439
565 14.0113867489675 -22.6654632777987
566 14.0236932803837 -22.7055974889849
567 14.0355055260306 -22.7364129487133
568 14.0456067433693 -22.781884132838
569 14.0556623266535 -22.8174095171183
570 14.0657485188993 -22.8525838444183
571 14.0786869989813 -22.8931124571296
572 14.0886612522471 -22.9242525512816
573 14.0967090169052 -22.9598287810447
574 14.1048538478229 -22.9967537809594
575 14.1127090104638 -23.0334807714413
576 14.1227769491375 -23.0760796171698
577 14.1306423518797 -23.114890743572
578 14.1398505300805 -23.1429800895976
579 14.1467016951353 -23.1926763529617
580 14.1553401178796 -23.2117711678393
581 14.1630099031146 -23.250902929545
582 14.1698766519031 -23.2814568906913
583 14.1754767610375 -23.3231299081906
584 14.1821671850247 -23.3388531161301
585 14.1886374874823 -23.3628310361106
586 14.1933411336211 -23.3906991124274
587 14.1984394835729 -23.4127283459064
588 14.2037106359888 -23.4488243233729
589 14.208246081116 -23.4853704678199
590 14.2129901991288 -23.5134195930111
591 14.2166710381288 -23.5435677800928
592 14.2212917747257 -23.5651326534093
593 14.224163477759 -23.5857904785973
594 14.2272656706981 -23.6145888668802
595 14.2293415589747 -23.6400097085427
596 14.2322970874202 -23.6640119227033
597 14.2348051401961 -23.6873595892212
598 14.2365557100423 -23.711335907597
599 14.237808807517 -23.7361265991582
600 14.2391145508088 -23.7599242433224
601 14.2401211922134 -23.7832485160812
602 14.2405983630417 -23.8047131525774
603 14.2409884044781 -23.832613132398
604 14.2409119908504 -23.8576014261398
605 14.2405958859399 -23.8816069537343
606 14.2400520875004 -23.910136163706
607 14.2392268193533 -23.9214002054482
608 14.2376117832072 -23.9499397352971
609 14.2354217368552 -23.982261913767
610 14.2332771326592 -23.9968158311218
611 14.2311966586795 -24.0184516109672
612 14.2282947586431 -24.0385005918031
613 14.2247745974485 -24.0572716511386
614 14.2220135131148 -24.0779027506816
615 14.2173153379767 -24.1010857840415
616 14.2136631052259 -24.1169433783049
617 14.2088540630749 -24.1345399953324
618 14.2047804433742 -24.1523503630134
619 14.1993834907691 -24.1742047998259
620 14.1945354341791 -24.1913429222994
621 14.1883812908079 -24.2111758903566
622 14.1821852074683 -24.2216984343179
623 14.1745074116568 -24.2326629967429
624 14.1681794591525 -24.2510812053655
625 14.162286044061 -24.2620740172567
626 14.154126514313 -24.2784166557496
627 14.1458938398108 -24.2902927764974
628 14.1374876962439 -24.3026486544325
629 14.1272738856059 -24.3149573120095
630 14.1200183199768 -24.3236192126471
631 14.1088877572849 -24.3391111272001
632 14.1002459469074 -24.347285032107
633 14.0894703017568 -24.3516570424597
634 14.0788422213911 -24.3613630675983
635 14.0692221221677 -24.3721164546271
636 14.0590749724007 -24.3793495198462
637 14.0457708730029 -24.3874910200335
638 14.0324533895282 -24.3961234417514
639 14.0218208200877 -24.4024321408064
640 14.0101145426781 -24.405950390544
641 13.9947096017645 -24.4134645395757
642 13.9834647609514 -24.4173323957461
643 13.9672632923263 -24.421525794584
644 13.9549494824894 -24.4288776168621
645 13.9429283771069 -24.433614394363
646 13.9274336087324 -24.437548130611
647 13.9086718479917 -24.443431328646
648 13.8950096564806 -24.4471064402581
649 13.878098017105 -24.4520384338377
650 13.8638972832635 -24.4579477644601
651 13.8493097068745 -24.4560793045203
652 13.8285280462401 -24.4580274948702
653 13.8106084492862 -24.4595147467946
654 13.7951796120205 -24.4593315485237
655 13.7751270439692 -24.4588215943972
656 13.7576374004531 -24.4580297800441
657 13.7365582256616 -24.4598930453106
658 13.7191323452745 -24.4545602183937
659 13.7054651457858 -24.4549720776617
660 13.6833697933159 -24.4522272240229
661 13.65931459057 -24.4501834896818
662 13.638250503357 -24.4492669919501
663 13.6156998393712 -24.4494142218923
664 13.5966691574606 -24.448471980827
665 13.5775610246898 -24.4490910363059
666 13.5530843332063 -24.4475967374602
667 13.5362782735749 -24.4480424124537
668 13.506711962724 -24.4437986637924
669 13.4827518054745 -24.4416755320267
670 13.4612153887966 -24.4375882966973
671 13.4372785066925 -24.4319291684479
672 13.4122279504486 -24.425699386237
673 13.3878676009863 -24.4220500478832
674 13.3660534576805 -24.418391839526
675 13.3427037861514 -24.41566578935
676 13.3179614055284 -24.4117810138665
677 13.2885852604743 -24.406391120569
678 13.261808089517 -24.4005791256736
679 13.2407560417274 -24.3957850240588
680 13.21268548162 -24.3887055790327
681 13.1878938907538 -24.3810720890415
682 13.1612246316662 -24.3748855914703
683 13.132491606141 -24.368385094756
684 13.1036775893481 -24.3616054100919
685 13.0780184973729 -24.3584008018818
686 13.0485226494421 -24.3526804421812
687 13.0129002176478 -24.3473335484578
688 12.9811440703586 -24.3403159933414
689 12.9589345918428 -24.3337874647343
690 12.9267621519023 -24.3258045255404
691 12.8929711302873 -24.3181674368634
692 12.8676084714845 -24.3111860482871
693 12.8376383011451 -24.305602455751
694 12.8021913157798 -24.2973900012773
695 12.7779640035554 -24.2885479821192
696 12.7417771695221 -24.282635539611
697 12.7122754201906 -24.2752183107494
698 12.68351807261 -24.2666922836877
699 12.6414060925773 -24.2580471732879
700 12.6172499348587 -24.252856985975
701 12.5931464240738 -24.2462674407969
702 12.5490392993141 -24.2369595347719
703 12.5263474013716 -24.2280528556871
704 12.4947929701416 -24.2193086019545
705 12.4578891767092 -24.2090570830359
706 12.4174828883717 -24.202593694563
707 12.4004835740502 -24.1961842552085
708 12.3550165390694 -24.1845894363214
709 12.3118275381786 -24.1790110885649
710 12.2888718934504 -24.1695141902478
711 12.2795556012584 -24.1629492320311
712 12.2096856866772 -24.1474803447206
713 12.1643793764289 -24.1359200950098
714 12.1246017833271 -24.1287021798561
715 12.0884632654935 -24.1174304330865
716 12.069550062258 -24.1085307280821
717 12.026012879019 -24.1003688680986
718 11.99734724842 -24.0836455945288
719 11.9443622508667 -24.0686022395211
720 11.9155953080203 -24.0571877268631
721 11.8633966891768 -24.044852628253
722 11.8312936666803 -24.030361804159
723 11.7997691361193 -24.0132676011316
724 11.7565626401796 -24.0064322449858
725 11.709832860087 -23.9893269645985
726 11.6712249372065 -23.9795938050252
727 11.6304377669965 -23.9628054948021
728 11.5904470493583 -23.9504246997205
729 11.5584876949062 -23.9343377440557
730 11.5207705480711 -23.9073971121312
731 11.4816837216973 -23.8697398325698
732 11.444372978813 -23.8586910913399
733 11.4067759792926 -23.8227503311199
734 11.355797680638 -23.8064220105253
735 11.3135599138447 -23.7838186886495
736 11.2740204178102 -23.7493580392204
737 11.243232945166 -23.7364631990419
738 11.2213532563828 -23.7006478448077
739 11.1623202555609 -23.6836823545509
740 11.1224137121453 -23.6562481113489
741 11.0877743836097 -23.6361871316069
742 11.0414527672318 -23.6027005401652
743 10.9954295087241 -23.5683348628045
744 10.9563283171874 -23.5543055252528
745 10.9248575274061 -23.5246617338799
746 10.8742662102593 -23.4956318290071
747 10.8302463450655 -23.4666106874577
748 10.787286592713 -23.4404655297589
749 10.746349890011 -23.4086024408859
750 10.7137099805771 -23.3809303421569
751 10.6674931482688 -23.3542026748304
752 10.614904200715 -23.3218945770157
753 10.5784760746621 -23.2947220655
754 10.5538650616422 -23.2799110838165
755 10.5126377750612 -23.239170360301
756 10.4697724780249 -23.2186873009051
757 10.4530602624247 -23.2015461207115
758 10.3850470545115 -23.1688656573919
759 10.3485249624357 -23.1538877752926
760 10.3016477585469 -23.1081070648568
761 10.2633534921638 -23.0913564974216
762 10.2260619294946 -23.0667038156841
763 10.1699980063628 -23.0287743475052
764 10.1224167877732 -23.011506786082
765 10.0913509583438 -22.9646314626153
766 10.0414334863231 -22.9320400900695
767 10.0045112232622 -22.8954236086456
768 9.96148894815708 -22.8332214904135
769 9.91806663388357 -22.7968493052378
770 9.88304532625317 -22.7579019755428
771 9.84101939898847 -22.7280316675116
772 9.80327354526074 -22.6460699760466
773 9.76166640639908 -22.6151209992754
774 9.71483142971814 -22.5796802786897
775 9.67186943556251 -22.5235176624693
776 9.6292441797358 -22.498993387093
777 9.59521533323772 -22.4640649089849
778 9.56035283652281 -22.4231315098498
779 9.50802135627913 -22.3762725810587
780 9.4692564078866 -22.3397949065378
781 9.44397306853814 -22.3003492506448
782 9.39643250154576 -22.2606643427361
783 9.35537540163693 -22.2230834420536
784 9.31155991073189 -22.1808525314513
785 9.27719575257168 -22.1347449810787
786 9.24477304648124 -22.1132264509197
787 9.20355344453477 -22.0555424764875
788 9.16638857458348 -22.0329496714811
789 9.11254554118602 -21.9810962326222
790 9.06839817709016 -21.9599024381251
791 9.04473072162908 -21.9254017515857
792 9.00014278685903 -21.8831309844125
793 8.96416325185846 -21.8469656105554
794 8.91384964523004 -21.8105643994317
795 8.88915648201869 -21.7775061415861
796 8.85453441792221 -21.7434467656438
797 8.81319592087981 -21.7071363407844
798 8.77714458020447 -21.6690791954327
799 8.73771684143087 -21.6272815547394
800 8.71322691164259 -21.6012474857101
801 8.66848673732484 -21.5571945704511
802 8.62404589933922 -21.5239223917274
803 8.58776934893415 -21.480619425092
804 8.55460837301217 -21.4511808487205
805 8.51248033020301 -21.4038222301838
806 8.48834347603738 -21.3886601633377
807 8.44589192589376 -21.3424576444972
808 8.40994506694036 -21.3152199599285
809 8.38166607224014 -21.2815472053117
810 8.34806571484573 -21.2481332679244
811 8.32121272543639 -21.214830647097
812 8.30005168212917 -21.1870480718873
813 8.24955558129061 -21.1513285772428
814 8.2152164192938 -21.1187894946661
815 8.18478708614456 -21.0817590347653
816 8.14277589521766 -21.0451391957346
817 8.11098753259161 -21.0237167277723
818 8.08314293755966 -20.9955477933763
819 8.05243486559039 -20.9560510450719
820 8.01565323708921 -20.9026859639433
821 7.99550680581225 -20.8496162567694
822 7.96302013537609 -20.8068690895909
823 7.92783292018331 -20.722990165501
824 7.89721468498886 -20.6851479604127
825 7.87733600496722 -20.6377632272456
826 7.84782355206621 -20.6134518881421
827 7.81843501140684 -20.5500735067449
828 7.7867279969625 -20.5141088363412
829 7.75333801347776 -20.476758864542
830 7.74255754851767 -20.4355967291292
831 7.70157854559608 -20.3886385964231
832 7.68624294604135 -20.3299396515215
833 7.65561317107934 -20.2896522151576
834 7.62801034064195 -20.2468221792114
835 7.59995386273105 -20.2009973685902
836 7.58370493655826 -20.1671448090328
837 7.55774004001956 -20.1317672301195
838 7.53378180093518 -20.0817121985114
839 7.50452760083517 -20.0490926719106
840 7.47562156066815 -20.0103863317002
841 7.45501095582346 -19.9710861195727
842 7.44069247306803 -19.9400438223409
843 7.41891545315961 -19.8890160458395
844 7.400712069939 -19.8614894316838
845 7.37216898872269 -19.8320485440138
846 7.35091021781038 -19.7995502791673
847 7.32924722311691 -19.768750861478
848 7.3158866113136 -19.7407757033131
849 7.30072119600478 -19.7087866222386
850 7.28302694184243 -19.6812405134428
851 7.26235018763227 -19.6554762066508
852 7.23733056346815 -19.6059443763981
853 7.22401199401964 -19.5823461407742
854 7.20756934312418 -19.5414151050212
855 7.19684847686186 -19.5198650121567
856 7.1808942005292 -19.4800266446999
857 7.15751556623778 -19.4559762027434
858 7.14127612985761 -19.4251696022593
859 7.12617257389245 -19.3927670065073
860 7.11487471572329 -19.3629530926874
861 7.09942084502162 -19.3334987176178
862 7.08805046374437 -19.3028450705115
863 7.07220878838629 -19.2734339723523
864 7.05965430208185 -19.2493854587816
865 7.0532777075467 -19.22475678966
866 7.04335434243808 -19.1972846434579
867 7.03166882938458 -19.1835774222636
868 7.01905493311638 -19.1434717358917
869 7.00763785452997 -19.1198803842872
870 6.99691537721761 -19.0869639502265
871 6.9881818580125 -19.0539950410153
872 6.98250373639624 -19.0329259001282
873 6.97183514097819 -19.0055945707288
874 6.96348766075806 -18.9751928857593
875 6.96127007160816 -18.9612038613434
876 6.95667285130857 -18.9358816257197
877 6.94812067917213 -18.8977336302883
878 6.93909011825518 -18.8621926352019
879 6.93442954133367 -18.8330978635948
880 6.93125075543202 -18.8154038853962
881 6.92850491344293 -18.7913906201277
882 6.92534515175875 -18.7629110682424
883 6.92180251729307 -18.7300876077224
884 6.91919335045377 -18.70185297912
885 6.91747084719989 -18.6737282585614
886 6.91646649648874 -18.6589636075812
887 6.91561345264793 -18.6322029646332
888 6.91526723953295 -18.6052610888419
889 6.91574083554695 -18.5736488653035
890 6.91635432634096 -18.5468583002506
891 6.9171991332741 -18.5233398121816
892 6.9195734766557 -18.4832865087414
893 6.92133545668372 -18.4712986960162
894 6.92379003938894 -18.4314490388511
895 6.92814666669667 -18.3908397924958
896 6.93089138639347 -18.3519808136202
897 6.93639950449874 -18.3248010534308
898 6.94069209268699 -18.2830862728274
899 6.94589828419199 -18.2544668700171
900 6.9512639313092 -18.2180810360437
901 6.95951442703047 -18.188111889138
902 6.96726985595883 -18.1731028659743
903 6.9742850185196 -18.1651916980965
904 6.98093759926542 -18.1594108427155
905 6.98934648997703 -18.154878558513
906 6.99740919046227 -18.1515811173039
907 7.00240235634513 -18.1467498039021
908 7.01681794094969 -18.1435965373457
909 7.02617228533407 -18.1390179292276
910 7.03894154429165 -18.1334079542063
911 7.0479452575851 -18.1275033400818
912 7.06042847022058 -18.122027422953
913 7.07271473027045 -18.1162445986723
914 7.08552339554267 -18.1101655672683
915 7.10012367649697 -18.1023427101635
916 7.10794502197416 -18.098451970289
917 7.11824870056489 -18.0929203491654
918 7.13686638011942 -18.0808400559215
919 7.15072989711514 -18.0782650823227
920 7.16656055131743 -18.0672442584587
921 7.18057101862962 -18.0657281878623
922 7.19465872538422 -18.0513150956137
923 7.21092132079888 -18.0451570329408
924 7.22523361440842 -18.0378542362264
925 7.25445181989629 -18.0279568144852
926 7.27212743739497 -18.0208848716731
927 7.28558853777048 -18.0180527041572
928 7.30827485162173 -18.0156249126158
929 7.3210744133012 -18.0132476389954
930 7.34614307505927 -18.0117141321737
931 7.36044860405251 -18.0104108848429
932 7.38166061960651 -18.0105169829857
933 7.39402331516892 -18.0089863571678
934 7.42620854397009 -18.0082943018284
935 7.44010497672407 -18.0073858114004
936 7.46264321591064 -18.0082921540338
937 7.49262010113384 -18.0088589338343
938 7.51593491942103 -18.0088567878125
939 7.53913626635762 -18.011140398503
940 7.56579683590092 -18.0116143815983
941 7.58914742301381 -18.0153623989031
942 7.6130803787636 -18.0196810898177
943 7.63538096203357 -18.0213852285059
944 7.6599275481936 -18.0265096343769
945 7.68898555362926 -18.0323380475246
946 7.70917419729472 -18.0349896555304
947 7.73733496886414 -18.0402229738587
948 7.75627177439586 -18.0477711822574
949 7.77966005325639 -18.0529536163304
950 7.81292249227574 -18.0557070305553
951 7.8320697128858 -18.0624652355754
952 7.86016903749031 -18.0677609804532
953 7.89931571179811 -18.0737829029864
954 7.92417784414797 -18.0826588736479
955 7.95028110868254 -18.0845763602929
956 7.95693847115297 -18.0946198226493
957 7.99802317574922 -18.1026704529393
958 8.01077143745891 -18.1111442437377
959 8.06062690756276 -18.1250641294943
960 8.10554438147932 -18.1305183071945
961 8.13800476435371 -18.1433693831252
962 8.16670133157317 -18.1503099364362
963 8.19475918692828 -18.1595842831622
964 8.22737874157645 -18.1701666592764
965 8.26665123389064 -18.1814318612364
966 8.28809440545192 -18.1914738473071
967 8.32610898678501 -18.2030601673498
968 8.34961094613166 -18.2172446168666
969 8.39074295076324 -18.2326705351782
970 8.41989316735213 -18.2447442965228
971 8.45644013068345 -18.2584428839163
972 8.48865052045777 -18.2719356261058
973 8.51930546445219 -18.2904702764484
974 8.55244125754503 -18.3009329845138
975 8.58959527349903 -18.3161296967185
976 8.60893020390187 -18.3244371580018
977 8.65671406262162 -18.3445303862248
978 8.68056827926469 -18.3509062793072
979 8.71590976629843 -18.3619824062051
980 8.75350094289738 -18.3741683576921
981 8.78888769806487 -18.3880719813131
982 8.82311122387147 -18.3996371259216
983 8.85619095096042 -18.4133639288469
984 8.87763308571117 -18.4241746146478
985 8.92242706354357 -18.4416720254679
986 8.95364743491108 -18.4483863452546
987 8.98413173326002 -18.4666061956759
988 9.03134293900398 -18.4777782719355
989 9.06129243994509 -18.4940718479467
990 9.10100982740879 -18.5090761511233
991 9.12742394202705 -18.5261352647642
992 9.15816830739096 -18.5379031548335
993 9.20561484188133 -18.5541220938773
994 9.24315271090092 -18.5663553133674
995 9.27292052431448 -18.5733315831541
996 9.30832189879019 -18.5908665314874
997 9.33070063595647 -18.6064392392053
998 9.38189425131728 -18.6246461239865
999 9.41275940780517 -18.638837949145
1000 9.45267638737391 -18.6610398203195
