Time Input_psi Output_deg
1 19.3625159 -7.19862939522972
2 19.3447816849885 -7.25198416130417
3 19.2653724561159 -7.47986137912379
4 19.2131043730201 -7.63886364198533
5 19.1532283840203 -7.85290303889367
6 19.1003288448218 -7.99852078520388
7 19.0425724949528 -8.2164023520377
8 18.9798534189609 -8.50752886050821
9 18.944058769016 -8.70779545874396
10 18.8584148055042 -8.90064972601039
11 18.8142195005376 -9.14208112203744
12 18.7622297374957 -9.39538562613069
13 18.6926929133899 -9.67540488413498
14 18.6370470264476 -9.89523575130988
15 18.5829544330827 -10.1597263348337
16 18.5244712973778 -10.3557040681898
17 18.4617490521139 -10.6390444308626
18 18.4008967865784 -10.8243707851829
19 18.3516138476469 -11.0446450049822
20 18.2790672077952 -11.2620761493639
21 18.2249248711121 -11.5107750422415
22 18.1607332260841 -11.709404376807
23 18.1058806925889 -11.943201872881
24 18.047268827935 -12.1204954094292
25 17.9871911885731 -12.3576457345546
26 17.9196628115662 -12.611387837097
27 17.8720844800225 -12.7559685291829
28 17.8575369591335 -12.8778895362187
29 17.7558395719702 -13.2449190409689
30 17.6824241498473 -13.4115642539168
31 17.6136175729447 -13.649098546899
32 17.5551134178263 -13.8087418524596
33 17.4940294434843 -13.9956181866261
34 17.4370724178746 -14.1800698285927
35 17.3694647238681 -14.3274376495805
36 17.295222214549 -14.4827157967753
37 17.2500665089411 -14.640334236436
38 17.1772716300637 -14.781318388446
39 17.1222576328678 -14.9413180208838
40 17.0455084913925 -15.056385271853
41 17.013954561776 -15.1406499772993
42 16.9457935895071 -15.3358438943502
43 16.8682042638589 -15.4885260633386
44 16.7855563908145 -15.5898780167586
45 16.7311011639361 -15.7498563790307
46 16.6891705034693 -15.778822812871
47 16.5986709425763 -15.9975523675041
48 16.5382016307658 -16.0642622484038
49 16.4512416932416 -16.1833918909978
50 16.3998279852096 -16.2593147517905
51 16.3575825103407 -16.3346013243411
52 16.2843210843461 -16.4414026784313
53 16.2050421918706 -16.5595405643427
54 16.1455088464132 -16.660797091491
55 16.0869559218746 -16.7483469954442
56 16.0243947371357 -16.8200858346
57 15.9553343232417 -16.9061201172783
58 15.8772218870342 -17.0460377469087
59 15.7987241660548 -17.1522414306722
60 15.73679615632 -17.209798394964
61 15.6832961756909 -17.2855227490895
62 15.6125316857299 -17.3755208441401
63 15.5337891582099 -17.4422104625797
64 15.4787304765134 -17.5233015808354
65 15.412922672365 -17.5838872097136
66 15.3386838526388 -17.6609335789384
67 15.2647281979064 -17.7279990274116
68 15.2054991660319 -17.7948409475628
69 15.1433731962568 -17.8586229487375
70 15.0873180110752 -17.9091915542269
71 15.0253831384141 -17.9871573400487
72 14.9355765652811 -18.0259900190238
73 14.8770982090786 -18.0813973978583
74 14.8348808114973 -18.1310627176615
75 14.7531186198569 -18.1527149247177
76 14.6710311678355 -18.2144641207495
77 14.6003344363885 -18.2747689497294
78 14.5480515813068 -18.3071428247466
79 14.4728080960519 -18.3526840079957
80 14.3930374848567 -18.3938929915537
81 14.3327110760844 -18.4321254006857
82 14.2540109989874 -18.4598361742137
83 14.2232794693873 -18.4946367802894
84 14.1327152742985 -18.5272702031325
85 14.055201685748 -18.5530266930624
86 14.0067379108225 -18.5688799820517
87 13.9502891847317 -18.5909599646806
88 13.8520174450379 -18.6188376898892
89 13.7986089740954 -18.6404392127131
90 13.731190647363 -18.6567826364477
91 13.672792771684 -18.6734633501431
92 13.6095053154859 -18.68599350922
93 13.5609404999486 -18.6972077963717
94 13.4772102824588 -18.7010938104544
95 13.4332133417125 -18.706313843319
96 13.3561165733861 -18.7127166337592
97 13.2672819370372 -18.7152889809679
98 13.2086057066842 -18.7143900463606
99 13.1499466809105 -18.7142843660306
100 13.0730331625794 -18.7108245966152
101 12.9967098539265 -18.7050606254925
102 12.9279145204509 -18.6998674971024
103 12.8724513348328 -18.6920640470213
104 12.8345247299055 -18.6848409545157
105 12.7424168129822 -18.6768880272455
106 12.6824445150109 -18.6714017252033
107 12.6458300377428 -18.6626915072319
108 12.5892203745559 -18.6553862534324
109 12.502091692679 -18.6480126698593
110 12.4179339874718 -18.6293459089966
111 12.3731893780158 -18.6276084414238
112 12.3215407753052 -18.6250709632794
113 12.2577248201706 -18.6134946480228
114 12.1893156839326 -18.605454950915
115 12.1161736013066 -18.602390789413
116 12.0503726467419 -18.6002175350546
117 11.9914748103357 -18.5996533936098
118 11.9394621915715 -18.6017415819425
119 11.879091437574 -18.6068738640685
120 11.8149550477678 -18.6104276878939
121 11.77398748412 -18.6168436609522
122 11.7004098258369 -18.6281456494204
123 11.6361886403387 -18.6414716507392
124 11.5767920845196 -18.6484362582601
125 11.5071080537042 -18.6654086503531
126 11.4527682051628 -18.6743547551899
127 11.3946201000743 -18.6853908367417
128 11.3449158897298 -18.6920363862014
129 11.2983367724665 -18.6989101079854
130 11.2292324037509 -18.7151160703018
131 11.1699390535284 -18.7206655183304
132 11.1070512824018 -18.7300106457485
133 11.0449360226629 -18.7389158570118
134 10.9840135258834 -18.7492286383954
135 10.9341005433352 -18.7581149249767
136 10.87853847154 -18.7660644099214
137 10.8162229726975 -18.771917710619
138 10.7666290331167 -18.7779139075018
139 10.717390684254 -18.7843152448465
140 10.6608595498023 -18.7918042848265
141 10.6066364489654 -18.7984086576051
142 10.5584808857064 -18.8048899247338
143 10.5003642795502 -18.8105159232344
144 10.4574071314393 -18.8143756080439
145 10.3872599078771 -18.8210721838295
146 10.3430123772993 -18.8258715025164
147 10.2812625650394 -18.8320478552849
148 10.2459886008895 -18.8357581358372
149 10.1916814073533 -18.8401343665646
150 10.1351421790847 -18.8432086796642
151 10.0886644781992 -18.8487603082288
152 10.0330082741158 -18.8527625175922
153 9.99023223678895 -18.8558494348119
154 9.93715664612184 -18.8601330408806
155 9.89929780259916 -18.8532070517295
156 9.84089411647936 -18.8531046661746
157 9.8080924847091 -18.8508715542623
158 9.74730613097339 -18.8501611469356
159 9.69807695390823 -18.8475751826835
160 9.65561905959225 -18.8441992356615
161 9.61703977985022 -18.8423111373101
162 9.55971430981757 -18.8408819427274
163 9.52161817191582 -18.8365233500835
164 9.48030940655626 -18.8329019824527
165 9.43632696453569 -18.8290018228124
166 9.39345764882679 -18.8262838892173
167 9.35615242922414 -18.8176285981756
168 9.31042641643894 -18.810867036365
169 9.27030507270463 -18.8042439979015
170 9.23547781167932 -18.7978041044825
171 9.20026775984941 -18.7920163245551
172 9.15790927278367 -18.7785087498348
173 9.12160095004303 -18.7579159288817
174 9.09588535824109 -18.7388618646265
175 9.04966812378328 -18.7162442970168
176 9.01492866076034 -18.6956021058889
177 8.96942709754734 -18.667704628145
178 8.93650998176287 -18.6457294437495
179 8.90286258543868 -18.6224005454474
180 8.87235217073446 -18.6050653149561
181 8.83707662829514 -18.5831586571606
182 8.8052014115296 -18.5676895258448
183 8.76823667268297 -18.5400389108081
184 8.73755241229403 -18.5195041143464
185 8.71226452027652 -18.5009897461413
186 8.68025156239709 -18.4841825602829
187 8.65386910585993 -18.4642015650245
188 8.62896787433853 -18.4477571708056
189 8.59605948642419 -18.4186881873884
190 8.57025322469475 -18.4000324201031
191 8.54174641415936 -18.3488956904144
192 8.51342861908543 -18.3111881275603
193 8.48798430243833 -18.268531977755
194 8.46504832701986 -18.2326753984576
195 8.43899358863383 -18.193205371414
196 8.41662939638691 -18.1634076201753
197 8.39495422854392 -18.1248365187823
198 8.37468257814738 -18.0994669411149
199 8.35864954036043 -18.0753569414849
200 8.32925950370772 -18.0499059508828
201 8.31220252613892 -18.0237357434552
202 8.29630024627883 -18.0069386595715
203 8.28122124627165 -17.9858586376772
204 8.26125407317003 -17.955086437368
205 8.24554758311898 -17.9399224627256
206 8.22777304129209 -17.9226574719476
207 8.21505062417448 -17.9062453315421
208 8.20086493995499 -17.8830807088269
209 8.18927909844747 -17.8609834766699
210 8.1744157857412 -17.8396699719774
211 8.16145741218934 -17.8188916569923
212 8.15003087124058 -17.8033334101334
213 8.13912219014134 -17.7840070053415
214 8.13039259249575 -17.7699713703534
215 8.12170060020997 -17.7500872034757
216 8.11501846918262 -17.7358583259365
217 8.10902447559008 -17.7233155466834
218 8.10201521825463 -17.7074851778261
219 8.09656533780832 -17.6883390322934
220 8.09128956340754 -17.6718696168785
221 8.08748327836078 -17.6586258345411
222 8.0838022552895 -17.6406448832572
223 8.08180329344469 -17.6224021266934
224 8.08031572506682 -17.6094694162178
225 8.07935436950715 -17.5888574038726
226 8.07941180833628 -17.5758435308293
227 8.08048076445041 -17.5602569542123
228 8.08173766703027 -17.5430806979263
229 8.08430461125407 -17.5270172435036
230 8.08792447329041 -17.513548762156
231 8.09299730963609 -17.4928368124056
232 8.0984926515186 -17.4822784040332
233 8.10445784552219 -17.4696262535388
234 8.1103477378867 -17.4518124869914
235 8.11902566308846 -17.4294875644455
236 8.12771293339559 -17.4170918499668
237 8.1363905796263 -17.3985453946879
238 8.14711004431447 -17.3845290192922
239 8.1567882512516 -17.3652976598766
240 8.16802040366765 -17.3517300642749
241 8.18201518639482 -17.3341799038317
242 8.19721975889276 -17.3195281446743
243 8.20863294390455 -17.3041616634803
244 8.2268794252682 -17.2854275908875
245 8.24084058788458 -17.270462945318
246 8.25641829817636 -17.2558871027465
247 8.27248878927598 -17.242037497926
248 8.29535787872019 -17.2219757048928
249 8.31645926606455 -17.2053079674337
250 8.34085638438036 -17.1931643843491
251 8.36305220109565 -17.1825580558799
252 8.37483423434673 -17.1808841033016
253 8.39100733057781 -17.1876561723183
254 8.42196010690086 -17.1940897929094
255 8.45057922835145 -17.2076352019574
256 8.47997813682677 -17.2222355807467
257 8.50286732092768 -17.2391322876469
258 8.53263344161147 -17.2539957982341
259 8.55156386489475 -17.2737984530486
260 8.58526779743296 -17.286061491677
261 8.61724636762625 -17.3016468137129
262 8.64466651161894 -17.3106467966827
263 8.67131095159909 -17.3274141278772
264 8.71535117878327 -17.336909696841
265 8.75065800649301 -17.3489462851917
266 8.78285798448613 -17.357700205735
267 8.81684242579387 -17.3665970293206
268 8.84148419427771 -17.3784229949664
269 8.8908060585599 -17.3855073808151
270 8.92223774354149 -17.3929263169395
271 8.96581842204315 -17.4003956600535
272 9.00963793619969 -17.3993550758708
273 9.04392809782718 -17.4021360627987
274 9.0864623441651 -17.4033720681198
275 9.13304742246385 -17.409563229924
276 9.16805221870917 -17.4134936581638
277 9.21864515121598 -17.416670373333
278 9.26256860885557 -17.4186897903039
279 9.30790357321125 -17.4227888314336
280 9.35140740860175 -17.4280084843743
281 9.39507831121086 -17.4324801209222
282 9.4380620518281 -17.4379007109941
283 9.48770808571524 -17.4427672971504
284 9.54068474003922 -17.4450074830193
285 9.59235412706561 -17.4539742620627
286 9.63524250317248 -17.4580610299812
287 9.68147023796207 -17.464674061425
288 9.73393897994925 -17.4761494995217
289 9.79164171165102 -17.4866692972132
290 9.84208082536172 -17.4928528359717
291 9.9049602548383 -17.5042613444753
292 9.96184529350831 -17.5161387757228
293 10.0095440612914 -17.5298475882376
294 10.0787063028543 -17.5448609805844
295 10.1271164935323 -17.5578292563265
296 10.1849924448542 -17.5693403339237
297 10.225396592377 -17.5849139076638
298 10.3045267504212 -17.6036490128862
299 10.371094347977 -17.6218787565077
300 10.4193909686775 -17.6329797318561
301 10.4731022992813 -17.6510180121572
302 10.5479838693066 -17.6686243621319
303 10.6318371015723 -17.6936434791853
304 10.6940475436202 -17.7122941964865
305 10.752877600812 -17.7371383392487
306 10.8168863058531 -17.7513018279327
307 10.8901071760499 -17.7732762647306
308 10.9326355526582 -17.7849224803481
309 11.0228535789525 -17.8142556815255
310 11.090931180102 -17.8289633011503
311 11.1508759210933 -17.8508392026134
312 11.2190776951752 -17.8656095976549
313 11.2966350590109 -17.9008568963724
314 11.3549921238738 -17.925063379281
315 11.4364183245947 -17.9429324462566
316 11.5106603530861 -17.9698498119355
317 11.577988078478 -17.9959275346573
318 11.6477846982058 -18.0151123237202
319 11.738739184988 -18.0513562190749
320 11.8059742922964 -18.0684863558171
321 11.8715185870579 -18.1009117302473
322 11.9432759797463 -18.1257886380884
323 12.0394976614245 -18.1649266993136
324 12.0686221439449 -18.1863174088126
325 12.170350306882 -18.2398480623161
326 12.2435149095326 -18.2651385703029
327 12.3298903086712 -18.3066060550531
328 12.37362725315 -18.3240013852416
329 12.4965399580396 -18.3793922861852
330 12.5707988734906 -18.402315211305
331 12.6431079589292 -18.4538642949175
332 12.7100593946602 -18.4814534228057
333 12.8101358334639 -18.5263534629782
334 12.9093079957208 -18.5620119396069
335 12.9485366566807 -18.6024005610127
336 13.0325012411888 -18.6523393386028
337 13.1247748407249 -18.6887241647411
338 13.2368270088194 -18.7404678868337
339 13.313938864279 -18.7814399593418
340 13.3867486465338 -18.819718282247
341 13.4870949415923 -18.8692047110677
342 13.5441315324882 -18.9082225598051
343 13.6650501290962 -18.9681631754575
344 13.7485196860593 -19.0128575587842
345 13.8021931224544 -19.0725090508207
346 13.8891945490205 -19.1290341569041
347 13.9899568192248 -19.1756645044492
348 14.0387675461993 -19.2232064843761
349 14.1692050199849 -19.3007527690863
350 14.2788809205136 -19.3540566259008
351 14.3444150721412 -19.4028837118602
352 14.4080656165218 -19.4539385517035
353 14.5021687108289 -19.5275961230906
354 14.5833598505201 -19.6093687596624
355 14.6964914437485 -19.6671124762425
356 14.7733951812557 -19.7089973534368
357 14.8565808472869 -19.7732557223989
358 14.9698314102319 -19.8313708513866
359 15.0311564372607 -19.899169345265
360 15.1236639163563 -19.9572352896611
361 15.2461437727731 -20.0417942979864
362 15.3353018954098 -20.0966324553689
363 15.4065799154615 -20.1625665053789
364 15.5061581385269 -20.2298209187709
365 15.6018319173636 -20.3037544976125
366 15.6621369969434 -20.3841288635021
367 15.7486028636303 -20.4419081458111
368 15.8558790409192 -20.4889398428529
369 15.9624754864998 -20.595630010796
370 16.0587352313998 -20.6447855567264
371 16.1323655949025 -20.7396655737685
372 16.2071408223871 -20.8047673328501
373 16.3096324427121 -20.9005861810474
374 16.391834538815 -20.9664952087169
375 16.489094960977 -21.0580680638687
376 16.5825864689169 -21.1325391544259
377 16.660234755314 -21.2095453983279
378 16.7417090406836 -21.2787220179179
379 16.8523522582761 -21.352604698498
380 16.966671527398 -21.4245086650818
381 17.0398379037606 -21.4999956271213
382 17.1451438701547 -21.5646984529995
383 17.2079757442221 -21.6662735867861
384 17.3010050800022 -21.7228537012611
385 17.3844376115813 -21.8416477214327
386 17.4939245540216 -21.9035882125056
387 17.5671306928199 -21.9685737508304
388 17.6536484545815 -22.030898761609
389 17.7703103729535 -22.129599411944
390 17.8557730928713 -22.2199411076821
391 17.9182251979411 -22.3126788341712
392 18.0314861121354 -22.4002239674981
393 18.0934308487221 -22.4857166792345
394 18.1930726058607 -22.571872137691
395 18.2764616911407 -22.6666455619579
396 18.3733471876426 -22.7676975956557
397 18.4658707782793 -22.8273279856616
398 18.5378018090341 -22.8979573019125
399 18.6059509163555 -22.9815665783408
400 18.6981056274783 -23.0428320623184
401 18.8165402472243 -23.1595754778469
402 18.9027784875789 -23.213417236633
403 18.9647142325019 -23.3037356776467
404 19.0348180412592 -23.3663366147221
405 19.1368663564003 -23.4741230771305
406 19.2187799607584 -23.5548147558088
407 19.2691335470933 -23.6312652636888
408 19.2984354896593 -23.6782726356585
409 19.4498270397034 -23.8025448095825
410 19.5328808735477 -23.8829773575388
411 19.6263275203092 -23.9676197447402
412 19.6931083590533 -24.057361014874
413 19.7807412093053 -24.1439859659211
414 19.8639471365778 -24.2003911132871
415 19.9470530967835 -24.2726425621535
416 20.0408535368044 -24.3529728036272
417 20.1192449426833 -24.4452331197917
418 20.1738247302881 -24.5215257415525
419 20.2543565553439 -24.6041131148013
420 20.2967475296248 -24.6812091265734
421 20.3805432322937 -24.7717878099161
422 20.4779090905582 -24.8444317585166
423 20.5493955514075 -24.9371433786794
424 20.6285155182029 -25.0111421053204
425 20.6629346230796 -25.0566019512524
426 20.7730605527216 -25.197584934338
427 20.8507793106093 -25.3179412059841
428 20.9011121775644 -25.3841008498075
429 20.9705761449415 -25.5480923548873
430 21.0406086387445 -25.6861060062766
431 21.1413251969656 -25.8332814527055
432 21.1988869327719 -25.9285133725571
433 21.2656073311214 -26.0704515068939
434 21.3367706672384 -26.2155035295768
435 21.4001174049575 -26.3181983239937
436 21.4484042192271 -26.4088232844135
437 21.5164791715236 -26.6029164201716
438 21.5701408671465 -26.6735256022296
439 21.6011836704736 -26.8475779126749
440 21.6875330677177 -26.9451730329511
441 21.7584010429413 -27.1396940499764
442 21.7968758863221 -27.2497811283354
443 21.8425540578865 -27.3452885531525
444 21.913970152393 -27.5136492061201
445 21.9823865446119 -27.6100110293455
446 22.0293078557874 -27.6495449944916
447 22.0988384022853 -27.8229227914474
448 22.1402052237819 -27.9447510496715
449 22.1943067588913 -28.0373790424055
450 22.2418962587158 -28.1141857333174
451 22.2967129619187 -28.2822846325535
452 22.3433982226936 -28.4219260737095
453 22.410056302209 -28.4947164442245
454 22.4358103987848 -28.5693101162668
455 22.4905819581992 -28.721456657136
456 22.5373285216476 -28.8288530566692
457 22.581585405116 -28.9247459663633
458 22.6271812189894 -29.0273747025921
459 22.6689766972197 -29.1298420036133
460 22.7041551421846 -29.1814690884906
461 22.7475603242723 -29.3659488666081
462 22.773041149224 -29.4057152026301
463 22.8267657995652 -29.5285179944735
464 22.8657417554762 -29.6410462600003
465 22.8999890179579 -29.7287260591273
466 22.9352169336251 -29.7837589413967
467 22.9621551568624 -29.8822620754241
468 22.9915017404979 -29.9878929473871
469 23.0330540379899 -30.1019140611435
470 23.0532341280402 -30.1953710574283
471 23.0843922941807 -30.3036050588009
472 23.11418389077 -30.3831754956956
473 23.1388494685223 -30.4960063216712
474 23.152621906503 -30.5895789809567
475 23.1858700155169 -30.6891570783694
476 23.2096696544241 -30.7397079949023
477 23.2298109088888 -30.841062674353
478 23.2547290255725 -30.9519998261451
479 23.2674353351067 -31.0214369670406
480 23.287188382677 -31.0860520123325
481 23.3106577474897 -31.1879092175136
482 23.3230587075437 -31.2661787671105
483 23.3386821904276 -31.3635935175903
484 23.3478934665009 -31.4504675813848
485 23.3571429288232 -31.5342657348606
486 23.3708878860266 -31.5933571946381
487 23.3820269087631 -31.6858878294122
488 23.3868120267369 -31.7302140518202
489 23.3964725601278 -31.8199073988809
490 23.4020895124345 -31.8994250183128
491 23.4048955843039 -31.970575496042
492 23.4093071427639 -32.0410813183856
493 23.410681093557 -32.1195241029749
494 23.4113747391278 -32.1822900876373
495 23.410696196527 -32.2665606775425
496 23.4081849119565 -32.3377759885716
497 23.4062259439604 -32.3969116602047
498 23.4001523198552 -32.427720802114
499 23.3975640834166 -32.5278285169157
500 23.3884515557735 -32.5939727565417
501 23.3797353867234 -32.6574738049622
502 23.3709788872695 -32.7027465302386
503 23.3623269413353 -32.7556399210479
504 23.347648999419 -32.8219439741624
505 23.3312300986845 -32.884038706271
506 23.3191991284913 -32.9372415931205
507 23.3028053895306 -32.9864684818963
508 23.2935877608164 -33.0356463215803
509 23.2618801698097 -33.0878531184559
510 23.2441981924004 -33.1191826860862
511 23.2307464090539 -33.1693073595796
512 23.2013793549192 -33.1937885478552
513 23.1794498030047 -33.2597021941437
514 23.1600134181707 -33.2920441521736
515 23.1330842121956 -33.3367761123738
516 23.0971551713995 -33.3726280365746
517 23.071303085518 -33.4106795657663
518 23.0393257875509 -33.4450633656261
519 23.0059186683732 -33.4780152292155
520 22.9759637221911 -33.5044356050863
521 22.9368354086673 -33.5407211938503
522 22.9131068416521 -33.5591105316612
523 22.8813024157648 -33.5900449206357
524 22.8343998250643 -33.6126279726305
525 22.8097651662474 -33.6403559155545
526 22.7491705696512 -33.6672683149326
527 22.7071190659179 -33.6952206491058
528 22.6784205201332 -33.707030263856
529 22.6329656396353 -33.7278146926816
530 22.5804241754413 -33.7441320786787
531 22.5191031552241 -33.749488825515
532 22.4831222685212 -33.7668592492688
533 22.4218162593655 -33.7823755093586
534 22.3840675009877 -33.7954726288282
535 22.3317968594489 -33.8024850410515
536 22.2834621664797 -33.8104160673419
537 22.2255783991299 -33.8188423843635
538 22.196213311076 -33.8334032125885
539 22.1156126009183 -33.8448157818611
540 22.0448554816554 -33.8567463627663
541 22.0111552514506 -33.8644051166622
542 21.9452148131727 -33.8700772815717
543 21.9054458696575 -33.8717056658922
544 21.8209820377312 -33.8744182576035
545 21.7425272658013 -33.8765482653934
546 21.6980608708063 -33.8801250051838
547 21.602253459891 -33.8875620200121
548 21.5819588546936 -33.8893384125102
549 21.4913766053834 -33.8932004235752
550 21.4189324851525 -33.8966381299664
551 21.3556342556524 -33.8994150609839
552 21.2789530731502 -33.8992215302583
553 21.1908268158133 -33.9016013676813
554 21.1325546841299 -33.8958141743775
555 21.0614420453557 -33.8888111631818
556 20.987274379713 -33.8899327291091
557 20.8806064504517 -33.8811177439245
558 20.8168851159364 -33.8785337505811
559 20.7333831840385 -33.8712003168914
560 20.6420757647998 -33.859404649088
561 20.5615957777924 -33.8562701107062
562 20.5046707714989 -33.84526690579
563 20.422498113729 -33.836113855037
564 20.3246306868351 -33.8234613039827
565 20.2516489105433 -33.8164090944387
566 20.1418208985325 -33.8064833981425
567 20.0563908091925 -33.7942977511987
568 19.9799986226576 -33.7858531734754
569 19.8988424808534 -33.7704523181098
570 19.8170939831593 -33.7600846204293
571 19.7235464052999 -33.7481534654662
572 19.6425273880508 -33.7335021968222
573 19.5274510160798 -33.7212743475138
574 19.4421394462177 -33.7141400270811
575 19.374480721946 -33.6902323003567
576 19.2704721341712 -33.6854398034986
577 19.2024008106377 -33.6717754362429
578 19.0710000068758 -33.6610085978223
579 19.0020037572211 -33.6511450846715
580 18.8843453949419 -33.631249246118
581 18.7609248672596 -33.6184395556521
582 18.6658940830358 -33.6020316981261
583 18.5818776073564 -33.5892225399211
584 18.5250886821292 -33.580960905549
585 18.3869446347166 -33.5614570510593
586 18.3084161789232 -33.5508026783392
587 18.1480133091745 -33.5238689191415
588 18.0825504339593 -33.5154538529355
589 17.9494714199406 -33.5062099630181
590 17.8246841346002 -33.4951330310797
591 17.735382157007 -33.4804336687174
592 17.6222446887302 -33.4625717709646
593 17.5034481424542 -33.4445195261985
594 17.4451808001093 -33.4408285374267
595 17.3499062056217 -33.4140095201196
596 17.2299517188853 -33.4018173378403
597 17.1069699318933 -33.3870761553141
598 17.0048814342462 -33.3668464415682
599 16.9233475651231 -33.3497211994845
600 16.8081759930636 -33.3321949215317
601 16.6734403568207 -33.3035212884348
602 16.600978486136 -33.2939469931767
603 16.4605858955155 -33.2719296173849
604 16.3004354826087 -33.2533481612669
605 16.1849562131514 -33.2372229776555
606 16.0688031604618 -33.2262350340216
607 15.9497423672943 -33.2112983568895
608 15.8397862237844 -33.1963959912248
609 15.7252934690353 -33.1779634649855
610 15.6121628099641 -33.1634240484168
611 15.5057413747814 -33.1388877587144
612 15.4057851784992 -33.1268209420174
613 15.2911914814233 -33.0970644743661
614 15.184540942018 -33.0578922692339
615 15.0782536586445 -33.02142446987
616 14.946851429222 -32.9883795410988
617 14.7994982228386 -32.9420592484979
618 14.7055767937975 -32.8978118761991
619 14.56194641945 -32.8539631216572
620 14.4616542202486 -32.8261566110363
621 14.3074368939559 -32.7721032990318
622 14.2086439362321 -32.7245379445968
623 14.1336636830134 -32.6865515319377
624 14.0196918724358 -32.6418832511426
625 13.8766903293923 -32.5326550065247
626 13.7466884243617 -32.4419564706976
627 13.6338136022404 -32.3489400781493
628 13.5458332890491 -32.2896223137982
629 13.4287507632547 -32.2149318426189
630 13.2873459763222 -32.1308851373658
631 13.1545975690206 -32.0490652496711
632 13.0528415614995 -31.9667695725099
633 12.9339489105837 -31.883756295514
634 12.8064350380596 -31.7859160408393
635 12.6902214173673 -31.7046260402941
636 12.5716068736197 -31.6353593785079
637 12.4609837299533 -31.5118246822427
638 12.331814863496 -31.371131223732
639 12.2103701556012 -31.2571287490931
640 12.0902304173042 -31.1277113087513
641 11.9784626403118 -31.0030818001703
642 11.874019896192 -30.8836019580796
643 11.7642376772123 -30.7655911954195
644 11.6345883279405 -30.6452835102158
645 11.5019479982144 -30.5270235944807
646 11.3907787647738 -30.4172940633544
647 11.2692786743955 -30.2836327507396
648 11.1643988477649 -30.1702865997375
649 11.0613323047851 -30.0560483735328
650 10.9392649250213 -29.940834185268
651 10.810134323028 -29.8260568385928
652 10.6939123954655 -29.701201154476
653 10.5973567050451 -29.603013015941
654 10.4728926464849 -29.4922332135509
655 10.3564222746666 -29.3683812725729
656 10.2508718837778 -29.2452413692639
657 10.1289945097474 -29.136907262735
658 10.0299685747456 -29.0002790203666
659 9.91574862945272 -28.8904117356171
660 9.78405820480838 -28.7849005984468
661 9.6598387413157 -28.6538410876188
662 9.54262804068037 -28.5147484889887
663 9.43865003603129 -28.3764562715522
664 9.33167690573123 -28.2788532540384
665 9.23202958626878 -28.1455433306131
666 9.10440480626863 -28.0305749146918
667 9.02856648184687 -27.9287958642731
668 8.90666540479852 -27.8076326204246
669 8.81436451347923 -27.6709910701147
670 8.66906813701957 -27.5470516976718
671 8.59390154342053 -27.4107295142017
672 8.48364978561979 -27.2904243522066
673 8.361174603352 -27.1743077303452
674 8.25105716121559 -27.0587940736391
675 8.15252614848107 -26.9225220593699
676 8.06499520112758 -26.8221466928859
677 7.95774756833589 -26.7069707707276
678 7.86613496503607 -26.5727563999352
679 7.75718387341912 -26.4330219641414
680 7.6667049995715 -26.2974995049974
681 7.53277167614838 -26.163403392266
682 7.44200314496476 -26.0542958129759
683 7.3516679046547 -25.9420282193092
684 7.24868244945969 -25.8776563439777
685 7.15667971650134 -25.6898944027549
686 7.05419224095993 -25.6006783485056
687 6.98371999138927 -25.4107339856364
688 6.90326006755111 -25.2681444287892
689 6.80889260880698 -25.1601936922608
690 6.74148238303503 -25.0693299805789
691 6.61037904388421 -24.8762762612722
692 6.53166676180295 -24.7666154656011
693 6.46083041404434 -24.6252880308391
694 6.34711042605323 -24.5136580689441
695 6.25544673305896 -24.3770835133508
696 6.17527523967239 -24.2385044084555
697 6.09077003610915 -24.0912526719648
698 5.99789327747172 -24.0239808317941
699 5.94549277268148 -23.7907473696996
700 5.82592370364627 -23.7221883852234
701 5.73305219425025 -23.5626860802124
702 5.64577223527816 -23.4583391566986
703 5.57921382910036 -23.2902076288014
704 5.50523622285971 -23.1527748367474
705 5.42483405576106 -22.9796847757376
706 5.33859658100323 -22.826394520083
707 5.26992803122773 -22.6754734739615
708 5.19659496381047 -22.5519337420525
709 5.12577588970438 -22.392322191485
710 5.04619507836242 -22.272845307286
711 4.95245413424336 -22.0714975954745
712 4.89947013965353 -21.9564382230141
713 4.83721103373597 -21.7998931022594
714 4.76062499597951 -21.6894546273603
715 4.68959921395802 -21.4723409846771
716 4.63589427926596 -21.3582773633958
717 4.54652876820564 -21.1339293439577
718 4.4708054134828 -21.0502121993874
719 4.4207610843187 -20.8718021125248
720 4.36472476783134 -20.754773000956
721 4.27908739439066 -20.5982714060718
722 4.23590103412914 -20.4663934310268
723 4.18029615832747 -20.3313031183453
724 4.11427477628012 -20.1408193207318
725 4.07751205536136 -20.0440659504775
726 4.01343644167062 -19.8835274525492
727 3.94435783831124 -19.7511192024025
728 3.88503537543237 -19.6311777383523
729 3.83768277677309 -19.4583815468554
730 3.78355444916443 -19.3602652691232
731 3.73577306112792 -19.1899351479434
732 3.68805929347267 -19.0649272851696
733 3.63644791966809 -18.8933095805818
734 3.59158533168265 -18.7736309972819
735 3.55115841462276 -18.6233763564664
736 3.49583172896545 -18.5024107822872
737 3.45749555342103 -18.3604724887652
738 3.40274645242458 -18.2303513389835
739 3.37543646628935 -18.085817205902
740 3.32827873282777 -17.9658171915105
741 3.27863970181959 -17.8224764201139
742 3.25501091762686 -17.7078032910938
743 3.22726336181257 -17.577605494999
744 3.18238685954849 -17.4548721757276
745 3.13926420679478 -17.3128301834302
746 3.09991885907817 -17.1794779675016
747 3.06800401141646 -17.0447049417974
748 3.04149117828315 -16.9291389741354
749 3.00610316988611 -16.8134688208761
750 2.97784192586442 -16.6995160802343
751 2.95986305593672 -16.5643014361298
752 2.92581244711717 -16.4250748005097
753 2.90523622318008 -16.3355859537402
754 2.87850718671918 -16.1916447494465
755 2.85508912324508 -16.1238347513958
756 2.8272642690926 -15.9844388199554
757 2.80441430986265 -15.8844188740019
758 2.79222008837241 -15.7984796650083
759 2.7685731377813 -15.6244407293571
760 2.75273186727318 -15.5256026898081
761 2.73313263666007 -15.3873766293953
762 2.72035162471863 -15.3312038310995
763 2.70138182776763 -15.1831953375737
764 2.68958984191824 -15.0909896739235
765 2.67601184914566 -14.9724633109548
766 2.6664453996342 -14.8782858812277
767 2.65699826266846 -14.7423377205331
768 2.64959995786084 -14.6455149985599
769 2.63759813749041 -14.5506259028477
770 2.63225207778609 -14.4884351608148
771 2.62610044954475 -14.3189693787552
772 2.62156051762648 -14.2484405232096
773 2.61832406078977 -14.1440690074897
774 2.61466569666654 -14.0169711188333
775 2.61308482427533 -13.9337437468638
776 2.61253164789573 -13.8543572912392
777 2.61293643776463 -13.7338714306442
778 2.61436979291497 -13.6638769616756
779 2.61622321100361 -13.5622215136949
780 2.62051875582465 -13.4710781768623
781 2.62484721932749 -13.3898397653689
782 2.6307979210548 -13.2894146421013
783 2.63702765459534 -13.1923812237162
784 2.64313579396267 -13.1264265692997
785 2.65453913150304 -13.0258437469721
786 2.66061399866416 -12.9509052057968
787 2.67377398020942 -12.8853145745109
788 2.68058668945178 -12.8238106207861
789 2.69502252660109 -12.7534703135219
790 2.70981673663987 -12.6848754529018
791 2.72298468507844 -12.631361754843
792 2.73512860839658 -12.5660717728056
793 2.75327143314712 -12.5273598344096
794 2.76879108565933 -12.4722477627921
795 2.78594851018972 -12.3996229942738
796 2.80158835918599 -12.3487268146799
797 2.82306925109794 -12.303819385663
798 2.84587606955081 -12.2705280762827
799 2.86566064960369 -12.2259312764049
800 2.88677556368495 -12.1813837892497
801 2.91235818470037 -12.1510404216095
802 2.94207056232539 -12.1183744235524
803 2.96706187994905 -12.0744842274297
804 2.98356934741741 -12.0416013184262
805 3.00947003937794 -12.0063417444803
806 3.03643928387443 -11.9631238302779
807 3.0637524084212 -11.9235795857315
808 3.09552061022437 -11.8984348299385
809 3.12507930548757 -11.8722446475494
810 3.15534627773713 -11.8372682418593
811 3.18478031762974 -11.7955986829063
812 3.21668932396299 -11.7572444202467
813 3.25278477520402 -11.7335608350174
814 3.28535133967244 -11.7056102321067
815 3.31742757669736 -11.6728399542641
816 3.34906050903468 -11.6471264322755
817 3.37922492356493 -11.611750919384
818 3.41911250593894 -11.5837668356891
819 3.45708440917257 -11.554689833066
820 3.48883270969633 -11.5198520137752
821 3.53211031722915 -11.4918323900937
822 3.57073403479876 -11.4541879112879
823 3.60098259337715 -11.4283830303189
824 3.64964614256044 -11.381672686711
825 3.68041977405671 -11.3588931680698
826 3.72408078873828 -11.3259752107201
827 3.75991799400561 -11.2928185305966
828 3.79929560132159 -11.2781236935435
829 3.84022346703602 -11.2508495066976
830 3.88826033918381 -11.2205297585282
831 3.9302774813243 -11.1898476853024
832 3.97353281559588 -11.1668260004214
833 4.01930599564915 -11.1453749536419
834 4.0605507927152 -11.1411420947803
835 4.11150588320426 -11.140263584651
836 4.14190543561124 -11.1405036376742
837 4.19250183253533 -11.1535385992236
838 4.23873553884724 -11.1631385574723
839 4.28081226182494 -11.1773944050273
840 4.33578900223001 -11.1914646497431
841 4.3788362988193 -11.2104110304305
842 4.40925274830851 -11.2272785605655
843 4.45635879292707 -11.2534657988633
844 4.50697636187069 -11.2695869063161
845 4.5685492418017 -11.2912890884
846 4.60231546646525 -11.3090843976975
847 4.66418603500365 -11.3345704019187
848 4.72107678559747 -11.3579502195494
849 4.74468614743277 -11.3742267916538
850 4.76752527846431 -11.3908537804642
851 4.86015758830595 -11.4224226086348
852 4.90654877878363 -11.4407300208217
853 4.95203059409338 -11.4610284694779
854 4.99054783712961 -11.4867758229385
855 5.0415151260204 -11.510347842575
856 5.09403347153192 -11.5320587426307
857 5.16231005142809 -11.5623967730982
858 5.21077897565887 -11.5721097075336
859 5.26050723540745 -11.5926233987059
860 5.29835992874463 -11.6155971103382
861 5.34761317055498 -11.6372177411856
862 5.40602173716259 -11.6647955555564
863 5.45374203079605 -11.690847010189
864 5.50464596873269 -11.7170961436846
865 5.56311176218543 -11.7424256193304
866 5.60711713513587 -11.7695971725308
867 5.65559485868482 -11.7948239164427
868 5.70649785653628 -11.8188036221277
869 5.77006379783999 -11.8519397057674
870 5.82433011913663 -11.8822395320091
871 5.87555293734781 -11.90288162302
872 5.91149760787408 -11.9345150436359
873 5.97597958694794 -11.9671751396574
874 6.00960395195792 -11.982241457766
875 6.07036891385872 -12.0320993663736
876 6.11412797915826 -12.0567615250081
877 6.16532460330325 -12.0946741161465
878 6.21519689491 -12.1168279708195
879 6.25563646298542 -12.1465708414083
880 6.30933024397243 -12.1723274240273
881 6.36756292118962 -12.2094239054767
882 6.41180898377346 -12.2362119731168
883 6.46840549213201 -12.2726529833622
884 6.5072649412882 -12.3028308472922
885 6.5479706721618 -12.3540868719952
886 6.6033391796987 -12.3909221918249
887 6.64550817966645 -12.430491126694
888 6.70069403572841 -12.456470076668
889 6.73926370192548 -12.4937360226013
890 6.78854553905484 -12.5342668076153
891 6.83852372847266 -12.564627959035
892 6.89357588381131 -12.6075829869996
893 6.94548504633145 -12.6394591714537
894 6.97463957439829 -12.6731765148326
895 7.0176773961887 -12.7191101727373
896 7.07762144215204 -12.7609071527867
897 7.12056314445317 -12.7962454225342
898 7.16849684703811 -12.8262750271256
899 7.21317124495419 -12.8724576260616
900 7.25692726078275 -12.9035941694969
901 7.28958301754271 -12.958410031801
902 7.34323765167102 -12.9884360000885
903 7.38200808969382 -13.0252554548485
904 7.41073624080307 -13.068237906882
905 7.46394639798515 -13.1062825822205
906 7.50503609450863 -13.149718495512
907 7.54840506691489 -13.1948382011831
908 7.58112384208096 -13.2346246874223
909 7.62281880754076 -13.2722358473296
910 7.66765001616105 -13.309338752794
911 7.70010499297928 -13.3431162843412
912 7.73976439437627 -13.3755793334517
913 7.77967820732212 -13.4243296472146
914 7.82242797346196 -13.4524615891376
915 7.86297517383814 -13.4987461717115
916 7.89023017542393 -13.537945246928
917 7.92975112704121 -13.5833542645806
918 7.96822665239403 -13.6249505618677
919 8.00324227506054 -13.6671185216689
920 8.03115100162797 -13.7089345165672
921 8.07149279947919 -13.7586951133977
922 8.10174476863205 -13.798387474106
923 8.13727291184566 -13.8385567460606
924 8.16332564471513 -13.8820212243017
925 8.19395260323462 -13.9300575737974
926 8.22149083460498 -13.9601073165287
927 8.26016505059389 -14.0128613585821
928 8.28416681860382 -14.0459508007072
929 8.30873429572959 -14.0878399871412
930 8.34231587198567 -14.122705905865
931 8.37222892011305 -14.1703282196518
932 8.40223418894106 -14.2075194003465
933 8.42950378717874 -14.2605369555756
934 8.45325667728592 -14.3012310540057
935 8.47918184735415 -14.3427618325852
936 8.50089604569476 -14.3756336681453
937 8.52383239544297 -14.4042955664388
938 8.54963762239561 -14.4626606524233
939 8.56549876614918 -14.5061261698167
940 8.59741598613192 -14.5231497281899
941 8.61514568036655 -14.561057633942
942 8.63412438116349 -14.5897956452396
943 8.65523880142246 -14.6303023574702
944 8.6742840696216 -14.6664741772264
945 8.69451112505336 -14.7102654760116
946 8.71180573005421 -14.7429088795707
947 8.72717258937291 -14.7830933474208
948 8.73748443797287 -14.8117029708455
949 8.75500748692623 -14.839404634073
950 8.77542576583933 -14.8691323473473
951 8.78680234101058 -14.9072087151112
952 8.79812967380637 -14.9364284914664
953 8.81654102420956 -14.9652985692072
954 8.83149721443028 -14.9864597687808
955 8.83598440765744 -15.018148414918
956 8.8548815652525 -15.0555610037867
957 8.86128713171493 -15.081994920979
958 8.874844706617 -15.112708915098
959 8.88411711307474 -15.1309781207973
960 8.89242706108035 -15.165170985135
961 8.89809008827468 -15.1870414239182
962 8.9041177050097 -15.2087500563668
963 8.91305041793836 -15.2460007618458
964 8.91833531579222 -15.2638185587206
965 8.92232002341471 -15.2957737387325
966 8.92707736707084 -15.3224412011817
967 8.93218857893331 -15.3513189716653
968 8.93604121212408 -15.3762906030078
969 8.9383219022108 -15.4065815915002
970 8.94014132341609 -15.4313892340208
971 8.94135361687774 -15.4538538553108
972 8.94230818687933 -15.4773870236899
973 8.94225474473548 -15.508794675627
974 8.94143113904542 -15.521752488769
975 8.9402908498944 -15.5454568542476
976 8.93847548804873 -15.5663342387515
977 8.93593472723781 -15.5895073420987
978 8.93211771738303 -15.6027536443004
979 8.92850414469462 -15.6260996452908
980 8.92282094990885 -15.6405408119488
981 8.91729764707308 -15.6628452297099
982 8.91128367246111 -15.6803208828319
983 8.90597451224901 -15.6914292467642
984 8.89818037650758 -15.7219226233779
985 8.89198011465823 -15.7387936947188
986 8.88251077731625 -15.7470688753069
987 8.87513617851602 -15.7657693899382
988 8.86414970439522 -15.7805039274465
989 8.85681923808284 -15.7934257534623
990 8.84503894254376 -15.8121619837236
991 8.83001086123298 -15.8254063112594
992 8.82249270326607 -15.8349165256118
993 8.80962719185903 -15.8518246253952
994 8.79477016228028 -15.8620960566794
995 8.78575822812011 -15.8704970264345
996 8.77242810965625 -15.8845734367124
997 8.75650567982628 -15.9016758182134
998 8.7371245558871 -15.9102016286946
999 8.72101435733795 -15.919494054677
1000 8.70345496033529 -15.9283849481378
