"Time Steps" "Input pressure setpoint(psi)" "Output Angle (deg)"
1 3.00020409 7.5534477383508
2 3.02500606006931 7.55826533610386
3 3.04997566368164 7.55656493467845
4 3.07511663169283 7.55632485532095
5 3.10016146804387 7.5540568891812
6 3.12650469645331 7.55555871620126
7 3.15249060854656 7.55948860721716
8 3.17741126897964 7.55922823187589
9 3.202592249851 7.56250420788771
10 3.22711304922214 7.56280066116759
11 3.25211134834314 7.56481426747564
12 3.27747062895519 7.56238632262972
13 3.30134444597822 7.56831350955616
14 3.32685794094961 7.57085265006884
15 3.35236734809869 7.57583888712591
16 3.37735006047714 7.57845356666451
17 3.4021174174672 7.59195367526377
18 3.42651040997019 7.60185995214067
19 3.4522687373938 7.61380372385545
20 3.47743888151875 7.6255295339574
21 3.50200831120609 7.63873669611996
22 3.52739455994945 7.65049375558814
23 3.55246343469232 7.66013149386836
24 3.57773156832117 7.66462273578443
25 3.60229104963024 7.67074279037089
26 3.62678740394855 7.6810922652439
27 3.65183817822726 7.68955643667752
28 3.67630879289142 7.69861700614379
29 3.70178980059725 7.7061854448074
30 3.72670461331987 7.71621619065508
31 3.75178176825136 7.72714743680592
32 3.77716375125548 7.73321565813427
33 3.8007963361361 7.74966647972059
34 3.82436203348291 7.75249779808937
35 3.84983379817589 7.76788165425427
36 3.87389079088671 7.78302319675277
37 3.89998167571522 7.79596916701107
38 3.92607499541065 7.80601099665608
39 3.95132943934295 7.81975455627551
40 3.97625063995092 7.8300472301739
41 4.00225088934445 7.84579498613073
42 4.0272127440523 7.85763762183416
43 4.05265546409633 7.87108062886523
44 4.07668705476978 7.88515623984932
45 4.10196369991322 7.90039019370488
46 4.12747121747256 7.91560574280749
47 4.15115120462795 7.92985479005014
48 4.17624118730795 7.94165064116987
49 4.2023016484087 7.95436769093001
50 4.2271647904483 7.96620973355644
51 4.25218731791692 7.9773454057497
52 4.27743245505935 7.9864230899683
53 4.3015936850982 8.00080584436665
54 4.32664249574261 8.02329492202588
55 4.35195276541189 8.03511678213857
56 4.37653065136668 8.04661132964804
57 4.40174570830676 8.06129479743865
58 4.42629168745307 8.07410812329832
59 4.4514617791512 8.08818763781224
60 4.47663470456762 8.10244970163589
61 4.50234503180313 8.11537760515651
62 4.52749480118842 8.12523716274018
63 4.55180822517085 8.14618201513329
64 4.57706807115315 8.15979039351373
65 4.60182815699717 8.18364280641043
66 4.62603216922537 8.20251977036838
67 4.65023162957267 8.22593544414818
68 4.67525871363414 8.23909139231438
69 4.70127631838034 8.24771294678652
70 4.72588427704033 8.27082830626583
71 4.75118334341016 8.28956160119495
72 4.77704620225471 8.31114021231028
73 4.8016584129765 8.32769581076101
74 4.8265485160932 8.342424837924
75 4.85173430188766 8.35896833095251
76 4.8757893147192 8.37291788775997
77 4.90200516147655 8.38863515126621
78 4.92784425572924 8.40294220539897
79 4.95150025717032 8.41032687795888
80 4.97603585867294 8.43657034400661
81 5.00121384032041 8.44995537244361
82 5.02663183899301 8.461476639544
83 5.05132895146585 8.47579084184432
84 5.07660721759123 8.48652901467085
85 5.10225195680443 8.50418296050816
86 5.12710985727133 8.51232598629244
87 5.15221781964185 8.52816923153944
88 5.17705359703698 8.53498181994863
89 5.20271216707947 8.55273869139302
90 5.22730436955235 8.56321590089817
91 5.25221056358756 8.57578348432114
92 5.27718292400345 8.59002541060707
93 5.30208875492135 8.60621992978753
94 5.32694222111045 8.6229077056033
95 5.35211721555527 8.64510587709412
96 5.376887977261 8.6576535048186
97 5.40213006896699 8.67377367612269
98 5.42764496320903 8.69256318186075
99 5.45187501917398 8.71044550599521
100 5.47716923121882 8.72547425586114
101 5.50182563521641 8.74351561109452
102 5.52710695396311 8.7552547682713
103 5.55201068282315 8.7708193598001
104 5.5765520339665 8.78356605471939
105 5.60200688927933 8.7999636006839
106 5.62729721446731 8.81354123901139
107 5.65160487859127 8.83029725601526
108 5.67661469759596 8.85005796344151
109 5.70163327385806 8.86926819019541
110 5.72528313834151 8.87844429202227
111 5.75199125895775 8.89253873507826
112 5.77674707017017 8.90188589185311
113 5.8013695540565 8.91284008232685
114 5.8263054899914 8.9243738434545
115 5.85186736262672 8.94043429394384
116 5.87695724687428 8.94825882413647
117 5.90132640294759 8.96057167749854
118 5.92638250694861 8.97034068101908
119 5.9524228394976 8.98528464255224
120 5.97654856499031 8.99792125471131
121 6.00150851826856 9.01597676931667
122 6.02681950738226 9.02614076469342
123 6.05229426876681 9.03873775212264
124 6.07734483133085 9.05742847464074
125 6.10218793459155 9.07047355231708
126 6.12760927791043 9.08171889431418
127 6.15163332959307 9.0957993716398
128 6.17666340106206 9.10876885229382
129 6.20209351539428 9.12904917153779
130 6.22624677109282 9.15037138276881
131 6.25085922994285 9.17117385156561
132 6.27664156550834 9.19772418034043
133 6.3019965441563 9.21802024731102
134 6.32701304509193 9.23200059014883
135 6.35191661706239 9.24798539891489
136 6.37698688244013 9.26136340567191
137 6.40159034119253 9.2780166860023
138 6.42666567219957 9.29097935846519
139 6.45246152570482 9.30208440508238
140 6.47694218986102 9.31473628633375
141 6.50266607210261 9.33438535356078
142 6.52731075319546 9.34519447891472
143 6.55205070332011 9.3587539149635
144 6.57683214570992 9.36951038050194
145 6.60154880348977 9.37014033547078
146 6.62680560394174 9.39234738390115
147 6.65233133477645 9.4028530768044
148 6.676694918746 9.41755347922444
149 6.70183736988015 9.43242267409576
150 6.72672703519201 9.44540252346587
151 6.75213600007575 9.45904334132976
152 6.77659874574241 9.46955745583875
153 6.80127132444756 9.48531766677397
154 6.82680415840531 9.50026159716884
155 6.85211947638989 9.51674106314016
156 6.87713255291355 9.52834246417791
157 6.90280103704846 9.55583770747651
158 6.92716020944094 9.55550753632338
159 6.95179008620171 9.57348787322709
160 6.97730452936983 9.58526115021905
161 7.00180988916591 9.59865058413985
162 7.02666439921127 9.61011469402234
163 7.05127654354308 9.64058187408639
164 7.07663237886793 9.65204602638954
165 7.10180640360866 9.66575255949923
166 7.12621804333517 9.67801551853725
167 7.1522732126607 9.69768560457959
168 7.17669020513635 9.71127606162506
169 7.20174734324391 9.72777208580959
170 7.22725848274152 9.74228563856244
171 7.25224331378071 9.75736655146099
172 7.27737009598558 9.76931268308743
173 7.30199090109125 9.78312700610596
174 7.32650468676951 9.79478869828466
175 7.35213004735528 9.80780476808198
176 7.37745976454534 9.8203902455856
177 7.40250059324374 9.84419029869477
178 7.42628087504587 9.86030110475926
179 7.4511345993512 9.87649973076293
180 7.47633716374139 9.88817260859318
181 7.50155595427412 9.9038189388252
182 7.52625557472982 9.91719138154701
183 7.54964435964235 9.93393432802924
184 7.57554889695574 9.9480565399451
185 7.6002208693612 9.96879901547462
186 7.62570277135076 9.98041352267211
187 7.65187985004018 9.99642861470105
188 7.67637592125589 10.0075185474485
189 7.70175308741993 10.0216747993751
190 7.72742908687524 10.0328367776017
191 7.75233084171298 10.0466469649923
192 7.77666152097467 10.0584942871523
193 7.80156800500476 10.0733719970652
194 7.82659486168188 10.0895409425855
195 7.85254348525074 10.1031133218659
196 7.87705256547385 10.1142620348991
197 7.90173428307634 10.133037681977
198 7.92631064029526 10.1495209085989
199 7.95189097496116 10.1664424691137
200 7.97772835716388 10.1776552237613
201 8.00215203647167 10.1972855331302
202 8.02657635190821 10.2183132929939
203 8.0527077077381 10.231647852486
204 8.0768741440729 10.2428689480715
205 8.10148631448122 10.2573274481308
206 8.12666531967383 10.2682244738552
207 8.15244661802588 10.2840236616949
208 8.17763098636821 10.2956535467424
209 8.20175879328044 10.3025189428367
210 8.22641728946758 10.323187561758
211 8.25123521564617 10.3401292612493
212 8.27621467540215 10.3531227729701
213 8.30103803116623 10.3703643793654
214 8.32587396347635 10.3823362988606
215 8.35053129964703 10.3957063711425
216 8.37532453618858 10.4083312500679
217 8.40062090593125 10.4249879365159
218 8.42526691149821 10.4368087342914
219 8.45165878807245 10.4526294909287
220 8.4771937465662 10.4679706579057
221 8.50222632810078 10.4798645620506
222 8.52654150543249 10.4612193194218
223 8.55234831952965 10.5057571431502
224 8.57742750047319 10.5310267327738
225 8.60256143007195 10.5517858053834
226 8.62735079320406 10.5652505958157
227 8.65205606772476 10.5820710624316
228 8.67649531950871 10.601902987873
229 8.70172910259949 10.625305221056
230 8.72751531144599 10.6421424876525
231 8.7515669132728 10.6585136123881
232 8.77631616502439 10.6711847464995
233 8.80173992677086 10.6572199304603
234 8.82770571740937 10.6476588317236
235 8.8519805140169 10.6608167174502
236 8.87637534591686 10.6939181926471
237 8.90175425097051 10.696512212562
238 8.92695006167136 10.7088230029721
239 8.95232783705872 10.7250474865711
240 8.9768625390528 10.7370122211663
241 9.00240127494711 10.7528518563244
242 9.02720893533754 10.770969210557
243 9.05279529745633 10.7952329267441
244 9.07753125762782 10.8080459753681
245 9.10140026228291 10.8098723105909
246 9.12678779480281 10.8207859740591
247 9.15109209220489 10.8343158051237
248 9.17503991882048 10.8463937686168
249 9.20063979199789 10.8596319265346
250 9.22493666111668 10.8689609412104
251 9.25039110549194 10.8817542830343
252 9.27690954588773 10.8969159574195
253 9.30203670098601 10.9157184986011
254 9.32677724363421 10.9205005987045
255 9.3525022050426 10.9361213012545
256 9.37605240270336 10.9526779740473
257 9.40164676722403 10.9840816718783
258 9.42701897974494 10.9980835964139
259 9.45181749330857 11.0152021247058
260 9.4770999223839 11.0286612908588
261 9.50167385934858 11.0429451113581
262 9.52740183401095 11.0643997681391
263 9.55236305418669 11.0768459590423
264 9.57740291708553 11.0935813124051
265 9.60192575972464 11.0972139427729
266 9.62704473531768 11.1285624051804
267 9.65223128998359 11.1272245164696
268 9.67680703399558 11.1477305840929
269 9.70259027295309 11.1724163121247
270 9.72702227863602 11.1859115909274
271 9.75139625410718 11.2008642010509
272 9.77675065511553 11.2188203902478
273 9.802267991204 11.2332438084397
274 9.82740692523359 11.2301026232734
275 9.85185013573658 11.2362824652407
276 9.87720998192563 11.2467644254059
277 9.90179681896466 11.2781532543806
278 9.92697701423195 11.2801892895925
279 9.95168331209145 11.2916269638401
280 9.97609729274104 11.3053683266494
281 10.0018771352017 11.3198252611768
282 10.0266810993812 11.3300318534735
283 10.0518848913538 11.3459900713433
284 10.07689060627 11.3636633866967
285 10.1024501274228 11.3796758600407
286 10.1275084892442 11.3931235474264
287 10.1525280840194 11.413166056712
288 10.1768339906701 11.4268078130703
289 10.2016444674862 11.4451439450693
290 10.2266498952828 11.4616985153378
291 10.2512926744795 11.4783127312857
292 10.2761625752601 11.4901437408914
293 10.3011322239794 11.5041352059308
294 10.3265029612321 11.5058875567036
295 10.3519929575827 11.5188838733831
296 10.3758879778082 11.5309349564885
297 10.4017317978699 11.545618472995
298 10.4269960765431 11.5589470722122
299 10.4512346714722 11.5754573971739
300 10.4761819071985 11.586934667996
301 10.5012634824546 11.6024881120192
302 10.5256642578136 11.6348691815437
303 10.551703926069 11.6296513142073
304 10.5765128273813 11.6492646706047
305 10.6018192525902 11.6759772496932
306 10.6269079506423 11.6749238945777
307 10.6516236494981 11.6974041165988
308 10.6756237950341 11.7099840142529
309 10.7003174924071 11.7245423664625
310 10.7256885921364 11.7440838483347
311 10.7514091391092 11.7604785624397
312 10.7768812720779 11.7739453290476
313 10.8020108949331 11.7905862187047
314 10.8276006280036 11.801685546864
315 10.8517715899318 11.8181331255973
316 10.8765925214308 11.8353117921489
317 10.9013723279318 11.8512165586147
318 10.926670078726 11.8624867753753
319 10.951737091648 11.8768294437156
320 10.9768610105283 11.8891422398165
321 11.0018241113948 11.9062037216034
322 11.0270366605218 11.9272463300003
323 11.0504961029127 11.9542025978647
324 11.0766635475286 11.9799602594233
325 11.1016533409756 12.0015246554484
326 11.1268555934132 12.0247000402622
327 11.1516851671129 12.0442644757988
328 11.1763780286381 12.0596444204228
329 11.2017184917359 12.0754675821223
330 11.2271364110948 12.0861280643512
331 11.2524446807899 12.094037877022
332 11.2770569476927 12.101117221313
333 11.3024275271026 12.140176857905
334 11.3272060725978 12.1474599085423
335 11.3519946900342 12.1665555611038
336 11.3770087126579 12.1860970934417
337 11.4020669582423 12.2053552068897
338 11.4272715201052 12.2188015780351
339 11.4525244061697 12.2381083510249
340 11.4767861518409 12.2454148693632
341 11.5011404066001 12.2658710236826
342 11.5266547894975 12.2809022045657
343 11.5519166901414 12.2976057210704
344 11.5764067378264 12.3104631817293
345 11.6022741200476 12.3243114175783
346 11.6268668947798 12.3348919191834
347 11.6524991070492 12.3494060181908
348 11.6769416055975 12.361973519304
349 11.7020172886453 12.376672117001
350 11.7266552167104 12.3853792668379
351 11.7516531440326 12.3919200151448
352 11.7767622693223 12.4025400040648
353 11.8011968247708 12.4167528160394
354 11.8270526596402 12.4269722115611
355 11.8515691605881 12.3950604367128
356 11.8774558592614 12.2607934878359
357 11.9022386583011 12.3795328779354
358 11.9270774148892 12.4828138747606
359 11.9523773556732 12.2982995215114
360 11.9771277605073 12.4518680318965
361 12.0013201173618 12.4555468447757
362 12.0268339071709 12.6389953460867
363 12.0520606529775 12.5677729079912
364 12.0771453246196 12.6494210983861
365 12.1020906493511 12.6519624598431
366 12.1265735950812 12.5928560215845
367 12.1510694511378 12.6111305517577
368 12.1773366183992 12.6318150721004
369 12.201687271988 12.6451392830699
370 12.2267860763354 12.6619273153957
371 12.2521495146789 12.7042442591698
372 12.2767985288382 12.7163197683573
373 12.3017701566967 12.7316804048716
374 12.3268609642162 12.7462132954885
375 12.3511748998024 12.7589339430536
376 12.3766267239525 12.7789906900989
377 12.400843585657 12.7996235996948
378 12.4247424679445 12.8103402557246
379 12.4497324239469 12.8221281503235
380 12.475027609201 12.8354866981463
381 12.5021405555504 12.8391261077504
382 12.5284971812198 12.8475336563768
383 12.553359196927 12.864664259766
384 12.5776253971517 12.8755368536442
385 12.6031951807623 12.8909941189132
386 12.6283286589862 12.9289548064885
387 12.6538704651333 12.9251708995278
388 12.6785653650202 12.9392580524822
389 12.7037841191286 12.9730893325844
390 12.7277074624046 12.9853318481195
391 12.7540966307047 13.0006809248507
392 12.7779559148373 13.0125661652124
393 12.8029402814971 13.0259149843818
394 12.827615308003 13.0401640302281
395 12.85293640453 13.0585728982455
396 12.8778892616226 13.1421669238485
397 12.9031455906999 13.0801932167441
398 12.9287226002333 13.0931939332653
399 12.9541011827953 13.1019331113478
400 12.9783080031909 13.1204593826052
401 13.0030697249689 13.1403661963252
402 13.0282221524478 13.1508103872331
403 13.0535647277263 13.1677240434055
404 13.0783575240821 13.2752023415996
405 13.1036651876644 13.2962943935845
406 13.1287229783563 13.309488075333
407 13.1532665659542 13.326605959685
408 13.1779707426662 13.3440277938794
409 13.2022186315984 13.357493488205
410 13.2255325193915 13.3793034070675
411 13.2505009656961 13.3975909045921
412 13.2749894382276 13.4073168713059
413 13.3012142825967 13.4204904403957
414 13.3291586268524 13.4444980844613
415 13.3536300937824 13.4608225979653
416 13.3786146266056 13.4752870182124
417 13.4037126660498 13.4946727690538
418 13.4289405557719 13.5097947287161
419 13.4537813462208 13.5281425436123
420 13.4790373922884 13.544555863401
421 13.5037490892425 13.569326977384
422 13.5288750638935 13.5778473514799
423 13.5538022709751 13.5932746218446
424 13.5787891667288 13.6061350931726
425 13.6033841072174 13.6303412141066
426 13.6284364509001 13.6566717490732
427 13.6532748985955 13.6873770028316
428 13.6786785964908 13.712358604383
429 13.7037035360182 13.736538443213
430 13.7285764282848 13.7582008319952
431 13.7535265667626 13.7801817505119
432 13.7780791310995 13.7992771766769
433 13.8024754689097 13.8224604890329
434 13.8285550189714 13.8399205777732
435 13.8529137646955 13.8619285224453
436 13.878480555715 13.8821936558707
437 13.9037133494383 13.9061047824412
438 13.928812174558 13.9236558184324
439 13.95364297687 13.9451565493876
440 13.9784926520524 13.9626520662902
441 14.0033131111391 13.9859009669716
442 14.0253560716813 14.0034170177594
443 14.0498240997022 14.0243166548884
444 14.0751139081679 14.0385970413443
445 14.0998833772201 14.0559531275897
446 14.1253286607262 14.0768759280524
447 14.1510725536146 14.0979610514505
448 14.1752038888011 14.1137219555444
449 14.2007697113183 14.137841464473
450 14.2247681227798 14.1521162377732
451 14.2502939530398 14.1707241009753
452 14.2758704496293 14.1904749126371
453 14.3000851266281 14.2076171884461
454 14.3281172152172 14.2217572111635
455 14.3536019456704 14.238902957082
456 14.3780911471391 14.2532744588088
457 14.4029611017191 14.271992899042
458 14.428647739012 14.2861416210549
459 14.4530350647345 14.3055333439205
460 14.4785203129605 14.3250034700858
461 14.5035201167414 14.3538685022871
462 14.5287815476404 14.3738308432779
463 14.5534121089518 14.3980664452525
464 14.5786586392257 14.4217433450316
465 14.6037812743608 14.4477869523636
466 14.627602875806 14.4646873770395
467 14.6535128864366 14.4864121235564
468 14.6779657407356 14.5039394628176
469 14.7036188826422 14.5267976246356
470 14.7284290924879 14.545658586238
471 14.7540141250163 14.5667757748052
472 14.7780982474558 14.5835115359962
473 14.8026164887046 14.5992621334806
474 14.8282433478352 14.6214539959115
475 14.8537950343167 14.643956791196
476 14.8783425806155 14.6620108082996
477 14.9038105894244 14.6840227370284
478 14.9283687038861 14.7049155212887
479 14.9533716964588 14.7224326086517
480 14.9785272714088 14.7401687220012
481 15.002920058969 14.7611612411145
482 15.025379135075 14.776447443645
483 15.0501648842947 14.7954234683716
484 15.0756894715799 14.8102354144965
485 15.1000934292151 14.831461500764
486 15.1259148997851 14.8512953093728
487 15.1512464939923 14.8695902468631
488 15.1760021324629 14.8821864843992
489 15.2008364711339 14.8979124198301
490 15.2260355062429 14.9162336973997
491 15.2506951678841 14.9389736339533
492 15.2754402624541 14.9584048655592
493 15.3006606357345 14.9830903505182
494 15.3265440511582 15.0088425378087
495 15.3513303029533 15.0304735238233
496 15.376438761725 15.0651556260035
497 15.4010285669544 15.102410613196
498 15.4260383891481 15.1238874816834
499 15.4513219381461 15.1467819023779
500 15.4765170133704 15.1627422757681
501 15.5018408698876 15.1789112180434
502 15.5257717600841 15.17028426218
503 15.5513707797932 15.1938478754426
504 15.5761699025225 15.2092470632734
505 15.60132919519 15.2514284781663
506 15.6258583615654 15.2786526900486
507 15.6508386755832 15.3069936781567
508 15.6759080102509 15.3196121444838
509 15.7007328927546 15.3348337719015
510 15.7261582104008 15.3528903506348
511 15.7502750797806 15.3728223546204
512 15.7753599817999 15.3940331557762
513 15.8003638976363 15.4108197351368
514 15.8267354372884 15.4245047319841
515 15.8504119558622 15.4494747942594
516 15.8751803737684 15.4775048349433
517 15.9007981782549 15.5011363008115
518 15.9257474860388 15.5168563021537
519 15.9507060713421 15.5353394270617
520 15.976147607612 15.5588107787684
521 16.0007281724796 15.5821845985751
522 16.0262480225586 15.5961798938208
523 16.0509507495057 15.6186731249578
524 16.075533634572 15.6371794917695
525 16.1010344956812 15.6675102435042
526 16.125477620758 15.6813103305416
527 16.1511768015363 15.701351710966
528 16.1762591988683 15.7220565536174
529 16.2006246567332 15.7513662071063
530 16.2260661667064 15.7683363954398
531 16.2512447659768 15.788993968656
532 16.275541805745 15.8033091854902
533 16.3009682491627 15.8210060434726
534 16.3262546288912 15.8405529067918
535 16.3511315336591 15.8575628274066
536 16.3756086496358 15.8703244723716
537 16.4019324807664 15.903549109314
538 16.4255542218563 15.9174902385293
539 16.4516383247035 15.9377005287285
540 16.4769061039556 15.9513481054668
541 16.5015586464691 15.9690995743802
542 16.5260133823393 15.9871896969531
543 16.5510854377843 16.003394270779
544 16.5769667598023 16.0178847378366
545 16.6018868709357 16.039582409496
546 16.626049327931 16.0635161423594
547 16.6519779887743 16.0774895595637
548 16.6768014199164 16.1073801808708
549 16.7016475459911 16.1325539689847
550 16.7260052658226 16.1572485701221
551 16.7515481882914 16.176874205229
552 16.7760712516421 16.194250893495
553 16.8011830173997 16.2210754943465
554 16.8257386393462 16.2368192089021
555 16.8501387230379 16.256784041318
556 16.8763928233441 16.2736635243422
557 16.9009397632823 16.2982565432155
558 16.9264945203179 16.3186812062421
559 16.9511140615539 16.3375236482305
560 16.9764455377518 16.36136619019
561 17.0013339774164 16.3841362779462
562 17.0258101088006 16.3984934580191
563 17.0512705518127 16.4187045954867
564 17.0762805338963 16.431652576768
565 17.1008436595659 16.452196462275
566 17.1256647500155 16.4745718600228
567 17.1520920444228 16.4941542473603
568 17.1777132191452 16.5107412139829
569 17.2017815776162 16.532817961749
570 17.2270523709573 16.5465256508105
571 17.2521115828841 16.5661981681689
572 17.2774488615632 16.5787239253268
573 17.3016532671496 16.5953711788156
574 17.3261121276577 16.6137417549446
575 17.3511918708624 16.6300433818829
576 17.376171939118 16.6315937260688
577 17.4010152546233 16.6679906311964
578 17.4261121439801 16.6817241545996
579 17.4520633508198 16.7082593009322
580 17.4769581127801 16.7248571752041
581 17.5010670661662 16.7493364743378
582 17.5261470870214 16.7721880189394
583 17.5509962380171 16.7920423280444
584 17.5761776424159 16.8121601795905
585 17.601516841146 16.8482307034893
586 17.6253293323412 16.8628077840286
587 17.6521387033723 16.8760776166539
588 17.6766597928127 16.9015886391448
589 17.7011418433222 16.9262355690754
590 17.7265857112042 16.9447197513149
591 17.751444570397 16.9714699058807
592 17.7760950426004 16.9902185127195
593 17.8002769747669 16.9320785095967
594 17.8262579434928 16.9753541949057
595 17.8515066569753 16.9936622090332
596 17.8766269542105 17.006560918407
597 17.9011784552901 17.0312941399552
598 17.925957368363 17.0605211455546
599 17.9512390999567 17.0568044138153
600 17.9756339185696 17.0877398515935
601 18.0012596060361 17.0858563371793
602 18.0264347345642 17.1152862615151
603 18.0495482935502 17.1333189248199
604 18.073138659695 17.1547611474546
605 18.0999336700115 17.1600226058995
606 18.1256235224388 17.1796199347664
607 18.1512676188989 17.1962770270866
608 18.176236857978 17.2096157129097
609 18.2011815377789 17.2316525040966
610 18.2264404218609 17.2571794181363
611 18.2514087124391 17.2801637748516
612 18.2761421139303 17.3076949263774
613 18.3010463871695 17.3282934900862
614 18.3259131037285 17.3356845310388
615 18.3507510839236 17.3597251940668
616 18.376052819055 17.3773747325289
617 18.4013915917795 17.3927474500929
618 18.4264839703005 17.4180015585743
619 18.4511517137512 17.4471649079148
620 18.4759365837559 17.4674448255165
621 18.5015563512465 17.486830398186
622 18.5266023733923 17.5097894935645
623 18.5512476029565 17.5277283514746
624 18.5760071380527 17.5431892199731
625 18.601152483454 17.5653366050147
626 18.6262030740814 17.5809372825269
627 18.6509619040715 17.6040840699756
628 18.6764611830105 17.6211501437529
629 18.7014009021405 17.6392233504056
630 18.7268189732397 17.6669944087216
631 18.7514631351543 17.6788539829098
632 18.7767414341221 17.6934534669798
633 18.8009654488789 17.707550462337
634 18.8263220561653 17.7324043934163
635 18.8511972787483 17.7501892688439
636 18.8761868745696 17.763077657192
637 18.9010967862611 17.7781736131305
638 18.926592853706 17.7971527597562
639 18.9510075581463 17.8153795447211
640 18.9756279470101 17.8283487237465
641 19.0014715948845 17.8423183264485
642 19.026014360473 17.8599045617813
643 19.0511388027136 17.8776672864868
644 19.0761743820245 17.8997549762075
645 19.1011521950239 17.9222390173038
646 19.1255262920516 17.9436110880348
647 19.1513708360163 17.9726588600191
648 19.1760283495584 17.9899854280339
649 19.2010349388295 18.0117830878782
650 19.2261032740771 18.0298381158427
651 19.2510703990047 18.1021318343226
652 19.2764129412962 18.1773473725694
653 19.3007709629893 18.1962240797652
654 19.3253000338663 18.2223841326763
655 19.3516281486516 18.2157964016895
656 19.3766869157317 18.2704072426909
657 19.4011535367687 18.2854134255321
658 19.4259406024517 18.2901943244977
659 19.4507894634995 18.3094381568436
660 19.4757894264321 18.3320096158934
661 19.5007891210319 18.353526809852
662 19.5249157722602 18.3702457340758
663 19.5504150437112 18.3906486645826
664 19.5755098511059 18.4109925846831
665 19.600808688496 18.4292897094665
666 19.6262315253069 18.4429178161513
667 19.651380511707 18.4604636689052
668 19.6760118091685 18.4747899928663
669 19.7007609642429 18.4979707448397
670 19.7264944323159 18.5147909905432
671 19.7513171414684 18.5347283841009
672 19.7761406453559 18.5514948151952
673 19.8012131956109 18.5753000994011
674 19.8262104534851 18.5935481509809
675 19.851530684156 18.6107803130257
676 19.8768490846261 18.6293620567936
677 19.9021472488279 18.6505830223643
678 19.9261568535749 18.6659705080372
679 19.9511627399874 18.6819151758387
680 19.9765300409256 18.7142269763736
681 20.0013764837589 18.7376932406194
682 20.026255273036 18.7547104849103
683 20.0521611209238 18.775084539669
684 20.0772970064095 18.7992055368053
685 20.1017077040368 18.8221987406412
686 20.125995542689 18.8387334486598
687 20.1516209157781 18.8607908906582
688 20.1762232320002 18.8805572256791
689 20.2011138006458 18.9052077842952
690 20.2263017142517 18.918617466993
691 20.2516850311712 18.9375875765264
692 20.2762540436209 18.9612759935393
693 20.301412561207 18.982597741226
694 20.3273959514859 18.9984590651334
695 20.3524093676868 19.0186664195691
696 20.376743919601 19.0355012325447
697 20.4011745616609 19.0600349614635
698 20.4261988790003 19.0748754433235
699 20.4509647632563 19.0930942944593
700 20.4767484018238 19.114635190678
701 20.501591542771 19.1376907091848
702 20.5261262029683 19.1500567311853
703 20.5510650399684 19.1640588454079
704 20.5759976901518 19.1816560308492
705 20.6006648591384 19.2010008156548
706 20.6253070415402 19.2131555610468
707 20.6505917639298 19.2303751130894
708 20.6764561588586 19.2493291522727
709 20.7012333316253 19.2656904109143
710 20.7268672367028 19.2804736195283
711 20.7489856820042 19.2268966022342
712 20.7768496455452 19.3152063648224
713 20.8004157399378 19.2488108719749
714 20.8263743281698 19.2706677817607
715 20.851570218919 19.2917243670341
716 20.8764480315072 19.3437175703232
717 20.9012347262538 19.4192545810604
718 20.9262497669851 19.3759334757965
719 20.9508249434621 19.3624942203473
720 20.976187851044 19.3781265489524
721 21.0019049909366 19.3981055393968
722 21.0263844700103 19.4181381729624
723 21.0510383184251 19.4389836789204
724 21.0763037172374 19.4565210735335
725 21.1018151180269 19.4776906423286
726 21.1264986005577 19.4943404755278
727 21.1503728684504 19.5111135154762
728 21.1766269767547 19.5262631698883
729 21.2027430747969 19.5396994618176
730 21.2275167640066 19.5577298017679
731 21.2521875899425 19.5778390001064
732 21.2776230879159 19.5978058262193
733 21.301869702159 19.619018566487
734 21.3272756143551 19.6374514074121
735 21.3515423290286 19.6610977917477
736 21.376298859601 19.6749292788726
737 21.4015832241498 19.6952364148486
738 21.4273449662061 19.7123054076351
739 21.4518903954153 19.7333806464034
740 21.4770085983703 19.751652706898
741 21.5019523217865 19.7768633881227
742 21.5275537494847 19.7923324471502
743 21.5523440104212 19.8090329779197
744 21.5770516126467 19.8300381348969
745 21.6025104666621 19.8493242402771
746 21.6272991544023 19.8669398955613
747 21.6519893245814 19.8854126823217
748 21.6767965557892 19.8997916078198
749 21.7015863690834 19.9200772301762
750 21.7262439232945 19.9658287500732
751 21.7522310404895 20.0635546848037
752 21.7775433062389 20.0819041520014
753 21.8009436856803 20.0121356457181
754 21.8265401305521 20.011344823134
755 21.8521071601915 20.0300850779111
756 21.8771233776898 20.0510024939832
757 21.9011723502485 20.0685064090275
758 21.926417478245 20.0860092599671
759 21.9518315276515 20.1046832058111
760 21.9768246195749 20.2506382347763
761 22.0019501441794 20.2672336268092
762 22.0264051882832 20.2823336080869
763 22.0479902458617 20.2985542592346
764 22.0732529180364 20.3130848571069
765 22.0994878849037 20.3350789578435
766 22.1251121922634 20.3964707054761
767 22.1499206935075 20.4436324006683
768 22.1748095623497 20.4614434897022
769 22.1997713013337 20.4791868434047
770 22.2243736246022 20.4908954016883
771 22.2514702212143 20.4750030114873
772 22.2787542194968 20.4313674089279
773 22.3036726413982 20.4501082408262
774 22.3295476489277 20.4710430693374
775 22.3539857673382 20.4874907106604
776 22.3778822170712 20.5060510762541
777 22.4040548779944 20.5270864518128
778 22.4293273316511 20.540667112675
779 22.4538536598347 20.5546071660816
780 22.4783847507648 20.5688131604863
781 22.5040338021092 20.5861238778855
782 22.5286578037834 20.601640481038
783 22.5530844121811 20.6179519821486
784 22.576964929856 20.5820050551303
785 22.6043665847937 20.658764471255
786 22.6293775830933 20.6676293533495
787 22.6548516419964 20.6839515715463
788 22.6787698724711 20.6977316033758
789 22.7032973202549 20.7560451250399
790 22.728634626795 20.7337739721293
791 22.754309236723 20.7394948817156
792 22.7795719282275 20.766652613668
793 22.8045964676073 20.783703560068
794 22.8294765854527 20.8030463865608
795 22.8539749653178 20.8216943161154
796 22.8785200871789 20.8325376120049
797 22.9036079118549 20.848961136352
798 22.9285078733795 20.8638441728831
799 22.9532474143796 20.8898112400179
800 22.9770765438669 20.9119608304843
801 23.002006631805 20.923883286486
802 23.0266484423325 20.9316205887164
803 23.051802060726 20.958363094243
804 23.0773729990052 21.0671295529307
805 23.1016815203845 21.0373307351116
806 23.1264423085132 20.9946080952753
807 23.1514004039102 21.015253460566
808 23.1771510776787 21.0279745231784
809 23.2016379216482 21.0481293978172
810 23.2272536396574 21.0619212845504
811 23.2517157581646 21.0774993690019
812 23.2775052270876 21.0914424237186
813 23.3014765926679 21.1151949032625
814 23.3272689227888 21.137786547588
815 23.3516896080299 21.1551289851773
816 23.3764021312129 21.2378346748525
817 23.4016602368465 21.2874717517658
818 23.4269085542669 21.2996707939265
819 23.4520099833492 21.3044278889805
820 23.4773355366922 21.2312743104227
821 23.5020106366092 21.24704933293
822 23.5266335206876 21.2615054826062
823 23.551503029293 21.2841619339599
824 23.5774349756431 21.2998685262608
825 23.6019082892245 21.3195255187917
826 23.626943329525 21.3332410629815
827 23.6514888042731 21.3514824049294
828 23.6765355866911 21.3682342681434
829 23.7027379984275 21.461158370927
830 23.7270263039044 21.3826048186265
831 23.7516929287652 21.4607945145628
832 23.7769478437095 21.4390734126802
833 23.8012664830888 21.4187857244775
834 23.8249631125289 21.4415630238799
835 23.8505310233939 21.4646754462621
836 23.8751499787675 21.4771744719164
837 23.9000997690381 21.5009411744176
838 23.9261611290813 21.517678890551
839 23.9515504262652 21.5387890016063
840 23.9769578127725 21.556317099116
841 24.0012837919916 21.5794015301168
842 24.0264475376417 21.7029402446607
843 24.0508759872998 21.7194253853617
844 24.0761491728299 21.7343343103936
845 24.1013046926085 21.7535623933935
846 24.1266043919132 21.7552911210193
847 24.1515117260971 21.7742808962957
848 24.1762906147111 21.8023769972379
849 24.2007981305337 21.7977833824146
850 24.2269524093351 21.8278488482404
851 24.2497822607267 21.8370116628899
852 24.2747919086456 21.8523863797031
853 24.2996731578451 21.8635045908646
854 24.3244578056052 21.873689035953
855 24.3493200631835 21.885828904227
856 24.3747896870448 21.8974021618293
857 24.4010105229258 21.9097534809505
858 24.4259217900938 21.9180158420796
859 24.4512459799994 21.9074867268658
860 24.4759610287001 21.9404643432171
861 24.5010933998073 21.94038115153
862 24.5258992220155 21.9650343324808
863 24.550029443863 21.9776782816435
864 24.575795547423 21.9884718341994
865 24.6011233033465 22.006015735791
866 24.6260451502426 22.0167895562647
867 24.6512930691889 22.0236254998291
868 24.6758771647693 22.0318052339128
869 24.7011879274043 22.0447873797749
870 24.7261222802207 22.0608170028855
871 24.7509939279022 22.070218820927
872 24.7767240521434 22.0769486068843
873 24.8007826890834 22.0909194029907
874 24.826325143874 22.1026840850457
875 24.8514560811987 22.1153287654937
876 24.876538034645 22.1252223874016
877 24.9015806107962 22.1387896108414
878 24.9260124177038 22.1523151609524
879 24.9510946410208 22.1659214510214
880 24.9769715195304 22.1769655640569
881 25.001475310096 22.1892302748088
882 25.0269293204967 22.2050943394207
883 25.0504648358975 22.2170820989331
884 25.0755993467132 22.2261883562921
885 25.1007966567644 22.2381312829915
886 25.1264331366993 22.2508517611948
887 25.1511656324503 22.2621302928989
888 25.176958882461 22.2735136769545
889 25.2008493254416 22.2822919606228
890 25.2261163065766 22.296363648873
891 25.2521819999518 22.3074898070407
892 25.2765429746559 22.3155999906801
893 25.3013939303384 22.3281454541468
894 25.3262720573982 22.3416800240329
895 25.3516949328959 22.3538275411651
896 25.3769646843785 22.3649556969712
897 25.401571778488 22.383181745624
898 25.4261020631792 22.3923674348531
899 25.4518216507413 22.407648717087
900 25.476680546764 22.4202890989292
901 25.5014841375211 22.4348728616319
902 25.5263151702836 22.4444540643021
903 25.5512798943148 22.4564335481754
904 25.5764635223024 22.4658066128486
905 25.6016066736355 22.4818371676832
906 25.6259930865347 22.4924360463073
907 25.6513266075728 22.5055917665324
908 25.6762887518973 22.5153042530262
909 25.7009663221224 22.5322112201336
910 25.7255103798923 22.5430028176212
911 25.7509741956628 22.5558505418106
912 25.7757254767612 22.5673765443985
913 25.8018347692734 22.5838095696479
914 25.8264235895321 22.5963558120508
915 25.8520113551735 22.6114948609761
916 25.8762933283569 22.6224279452097
917 25.9018310519787 22.6376064636631
918 25.9269238029619 22.6474905110564
919 25.9515745386957 22.6603914459197
920 25.9759869997064 22.6725732976385
921 26.0019665684643 22.6874747150807
922 26.0270289308461 22.7002599126436
923 26.0516958500881 22.7163778549426
924 26.0764041657728 22.7275705383609
925 26.1019577341604 22.7131414336617
926 26.1269487646466 22.7537822666885
927 26.1512820705353 22.7636227888919
928 26.1764588678596 22.7759530158372
929 26.2023975787771 22.7882950844611
930 26.2254997843391 22.7966745308604
931 26.25093733978 22.8096945784804
932 26.2754282925122 22.8311378089618
933 26.2990981049731 22.8391251284353
934 26.3254808719748 22.8530509563244
935 26.3486823638688 22.866331018732
936 26.3768718058448 22.8747769592106
937 26.4029502215544 22.8442449271919
938 26.4282433748088 22.8171855242209
939 26.4533765102518 22.831008561258
940 26.4780008983219 22.8413735979348
941 26.5031253988774 22.8585280243697
942 26.5288320003672 22.8708987974603
943 26.5529431634825 22.8850427132985
944 26.5774911599712 22.8949720506095
945 26.6027562431098 22.9038631605178
946 26.6277984945799 22.9280462864517
947 26.6525146877172 22.9472777274541
948 26.6779878685416 22.9477417665115
949 26.7033383958357 22.9265660605235
950 26.7285365704381 22.9693948522731
951 26.7532551667535 22.9905319756492
952 26.7789767159396 23.0083859774135
953 26.8028395115046 23.0155745996502
954 26.8281191706921 23.0292150326841
955 26.8542576294026 23.0519433513108
956 26.8785650904631 23.0624059801464
957 26.9035991595142 23.0766040497692
958 26.9287031209338 23.0898578410936
959 26.9536047506885 23.0924668661582
960 26.9777562825785 23.1190637270588
961 27.0036625677499 23.1111893890481
962 27.0282250943413 23.1323826623105
963 27.0528530117743 23.1478006259569
964 27.0762973501679 23.1572144009862
965 27.1011704657993 23.1722611725702
966 27.1249295935816 23.173478783789
967 27.1507675931289 23.1838746311749
968 27.1757616307334 23.1997676838976
969 27.2032200794803 23.2176796544584
970 27.2285272090682 23.2296936429771
971 27.2536874106047 23.2449747850606
972 27.2784400148089 23.4914051137663
973 27.3041344087603 23.5082812899256
974 27.3286810079458 23.5209149782675
975 27.3540822446339 23.5362657455481
976 27.3782210246711 23.4941749051596
977 27.4034106335673 23.4885038299624
978 27.428259577053 23.479720828671
979 27.4525779509162 23.5266015867732
980 27.4789035638895 23.5286066185396
981 27.5040590512337 23.5186925655238
982 27.5289383983133 23.5312495523393
983 27.5533526776859 23.5485549345432
984 27.5779928677393 23.5890566424146
985 27.6036773439432 23.5812439677511
986 27.6292260751501 23.5868265376203
987 27.6533682081864 23.6029492041906
988 27.678319179601 23.6323021746916
989 27.7040328246671 23.6558717396352
990 27.7284897298998 23.6476399292561
991 27.7536707971734 23.6980597789842
992 27.7785747873378 23.6961232441706
993 27.8033571509261 23.7072499949124
994 27.8288717923835 23.7221656266003
995 27.8538058773405 23.7408805748213
996 27.8773660603047 23.754517875391
997 27.9000798725879 23.7557774835422
998 27.9246145403107 23.7640815727628
999 27.948576424453 23.7785563687053
1000 27.9754315002919 23.7866543653998
